554
617
662
628
610
618
684
521
532
546
528
549
361
603
596
582
584
616
624
625
641
617
659
121
646
613
636
623
623
667
665
652
656
649
675
599
611
612
613
625
629
620
651
592
498
509
566
571
573
575
574
554
447
625
669
644
679
656
570
645
639
652
406
553
641
606
608
601
656
584
666
609
566
600
575
575
554
588
629
592
696
671
690
629
661
646
652
588
561
613
589
573
563
513
521
575
532
670
611
614
582
637
643
624
668
566
452
531
561
660
628
534
629
621
653
213
626
572
602
549
607
654
673
656
643
395
559
564
600
585
538
574
538
544
362
626
605
642
659
650
597
656
623
609
280
530
566
560
560
587
552
601
580
120
570
572
563
578
583
593
564
588
554
166
663
621
621
631
651
690
691
643
626
648
709
657
635
698
607
653
616
665
640
659
674
545
600
605
610
578
609
614
458
693
585
619
641
677
596
717
612
658
617
535
587
570
557
574
553
597
584
556
555
608
612
580
662
680
672
663
646
633
658
624
644
103
534
543
554
572
546
556
561
543
520
558
611
613
633
588
619
613
625
658
488
327
587
602
594
655
660
636
666
673
580
119
555
528
566
537
542
524
486
437
638
553
614
652
664
650
638
647
654
695
588
599
591
541
606
649
609
595
606
615
673
596
588
608
672
689
663
669
629
652
645
693
546
583
629
590
553
599
600
626
611
544
560
516
611
664
645
677
684
605
637
624
655
621
508
549
610
597
598
533
511
470
598
161
589
587
601
609
608
598
619
565
521
624
575
573
616
617
673
587
645
597
626
544
564
579
536
606
501
587
563
527
263
566
533
560
584
612
564
639
681
624
531
125
570
630
636
663
665
667
615
621
632
318
636
677
657
637
643
589
672
675
628
638
640
608
615
624
595
661
660
638
655
328
561
587
581
610
615
615
626
664
515
505
460
519
501
514
505
492
244
578
546
575
595
537
546
596
549
581
202
624
635
641
630
594
616
611
623
252
629
543
615
641
640
611
596
515
613
537
570
505
616
588
579
569
544
522
244
631
607
587
551
641
627
656
595
596
533
590
587
578
566
620
525
616
604
576
171
605
623
616
613
660
594
581
585
561
250
599
613
624
626
643
570
604
606
629
594
107
562
505
579
561
547
576
511
520
583
592
309
539
633
591
603
596
626
632
623
545
605
559
600
613
629
640
623
604
590
595
662
593
642
598
595
538
600
614
611
560
572
192
646
612
647
712
705
630
625
650
689
698
410
596
567
518
498
550
554
556
550
570
409
589
614
609
595
606
599
658
581
641
652
645
530
532
536
596
541
535
455
535
589
599
583
588
575
590
667
630
551
564
165
565
549
586
615
545
548
545
555
321
610
608
574
663
595
621
636
610
608
659
484
532
509
569
558
508
501
615
630
606
599
592
198
675
642
622
601
666
596
656
610
661
415
640
604
625
621
616
631
612
668
564
579
636
563
598
545
539
583
351
581
640
561
616
645
585
670
623
552
633
386
567
600
570
575
537
576
603
593
181
630
608
595
587
620
614
616
595
630
631
590
602
555
586
604
569
581
348
585
614
591
573
580
578
180
566
596
588
597
578
600
583
329
589
614
616
586
590
634
621
585
589
149
569
591
598
607
585
603
541
594
595
602
614
615
600
608
585
611
441
604
627
615
614
601
569
583
86
597
599
604
594
580
580
567
455
568
551
491
574
573
579
97
90
581
556
564
586
587
577
511
504
619
607
619
638
592
669
574
589
125
566
615
568
606
607
593
569
120
598
650
602
633
690
551
585
589
677
501
538
576
522
533
559
570
555
364
561
619
656
685
619
667
634
646
528
513
609
574
574
595
574
569
564
312
522
521
531
543
537
551
538
217
593
595
598
602
581
598
180
587
600
583
615
600
596
589
613
279
542
570
548
610
607
609
590
537
430
529
519
581
610
580
551
609
591
191
575
573
593
622
644
588
609
591
599
620
570
593
597
612
567
565
594
597
601
566
594
88
585
513
593
522
580
586
620
586
261
561
609
595
602
603
600
599
577
527
582
359
611
557
599
561
604
230
622
668
642
643
638
616
594
618
406
558
652
632
581
597
653
654
458
552
590
578
588
624
584
610
597
353
600
538
576
625
612
663
644
628
615
204
595
607
567
585
603
587
601
543
396
607
674
620
609
574
651
642
700
681
637
470
572
580
580
538
546
608
604
525
583
603
584
579
608
560
608
581
624
591
628
582
104
568
549
622
635
556
583
561
594
597
452
596
621
622
600
580
565
537
610
535
604
604
600
611
575
605
416
599
621
638
653
610
559
623
568
609
571
558
587
601
621
615
326
585
557
592
594
623
580
633
613
578
637
245
617
603
607
605
530
615
509
626
299
566
566
589
542
572
537
578
525
577
533
467
329
569
575
623
618
550
512
572
653
600
658
679
197
575
574
587
583
515
531
573
599
602
475
564
534
604
609
553
633
627
493
608
610
637
625
651
553
631
567
321
590
534
608
575
654
542
623
622
586
588
604
256
576
585
592
555
641
601
617
631
605
635
616
626
543
105
619
533
639
587
660
599
309
529
578
598
628
597
662
606
362
628
715
726
674
692
675
695
646
611
638
290
652
599
701
664
697
629
704
596
625
609
591
582
571
568
596
589
520
580
568
551
581
596
594
543
491
598
613
590
601
587
554
622
574
614
602
630
655
599
530
548
600
582
551
515
514
575
550
574
519
556
603
606
544
579
562
566
603
548
541
549
551
546
606
585
565
522
540
554
536
553
535
550
527
599
580
560
289
576
575
580
611
587
620
645
579
168
568
534
601
570
640
608
326
584
554
550
547
570
601
364
552
533
568
598
583
561
539
275
508
494
571
555
609
544
629
603
259
564
521
632
602
579
560
692
591
182
586
512
569
564
545
565
537
552
455
569
569
574
545
590
543
538
554
507
518
550
557
467
566
569
620
520
582
501
546
522
572
574
557
564
529
520
547
547
571
547
501
590
601
585
595
592
598
590
554
570
636
530
590
622
584
563
600
570
606
583
544
210
613
588
590
614
600
563
633
610
583
580
514
564
565
567
554
574
622
613
621
550
584
555
627
636
529
610
553
386
583
580
639
565
632
642
647
677
691
508
563
560
543
574
572
570
560
227
534
571
560
611
603
601
622
627
125
616
575
639
636
523
582
623
592
524
629
155
573
626
604
593
626
618
605
540
224
578
624
609
635
628
623
622
645
638
579
266
597
605
571
648
593
587
631
562
597
140
595
639
591
611
614
610
628
586
633
619
605
498
583
585
601
630
657
582
682
583
622
298
593
513
634
606
576
592
628
578
608
559
635
590
541
590
598
616
648
640
584
595
530
612
551
583
551
595
613
616
621
609
194
649
607
622
617
583
595
604
585
403
539
598
585
617
565
600
564
631
586
643
60
582
600
634
639
619
592
605
641
631
595
138
634
588
618
524
611
524
610
632
542
105
639
635
640
633
607
577
548
640
622
366
561
618
616
598
636
567
605
612
634
626
643
575
622
692
584
630
627
589
561
669
579
611
618
636
691
630
657
584
577
617
554
421
634
569
606
590
606
608
585
618
563
237
602
605
558
583
636
617
623
588
598
641
630
623
651
606
577
594
609
283
611
604
561
598
640
604
638
630
659
668
627
632
641
609
621
613
523
560
647
324
642
614
574
559
598
572
600
271
573
598
593
567
595
625
619
453
538
561
589
573
561
560
630
591
589
53
606
594
632
628
584
612
600
395
621
611
623
612
632
643
573
603
519
541
177
575
601
585
633
621
321
597
614
600
640
614
664
617
653
159
544
572
567
625
628
668
630
601
547
585
609
609
625
594
598
611
491
534
475
626
637
571
631
644
616
93
553
560
609
602
568
562
607
600
403
595
596
592
585
610
400
593
604
627
573
586
573
565
531
594
544
559
551
542
549
592
575
575
536
297
569
593
591
597
613
638
615
577
339
565
581
602
633
653
670
613
676
603
633
605
681
624
634
567
622
629
641
576
155
607
570
570
561
604
599
294
544
592
582
577
598
594
584
609
48
613
550
612
637
534
612
456
628
549
270
584
562
589
574
608
652
642
581
600
239
573
563
574
593
594
473
525
580
604
602
620
622
587
630
603
623
244
569
591
602
613
562
576
588
437
588
552
598
577
628
623
191
599
614
534
616
601
611
410
611
591
611
619
547
542
545
591
581
480
216
597
606
582
591
540
463
566
574
481
444
550
506
560
529
540
547
576
507
150
545
539
575
568
501
554
571
80
627
589
585
602
588
540
553
563
252
599
586
538
531
578
547
556
571
145
568
559
526
577
566
546
128
599
548
575
523
555
577
590
567
557
617
603
641
590
575
170
575
584
573
564
629
590
609
576
576
525
577
583
565
569
577
597
548
471
527
584
579
590
576
516
541
541
541
532
533
524
527
513
524
177
597
602
577
608
576
530
586
587
610
609
535
589
567
600
546
520
552
561
493
573
385
470
554
589
566
601
560
589
531
565
561
499
517
563
558
561
540
577
603
611
562
623
614
645
640
690
660
635
656
611
648
595
623
613
640
668
638
630
581
646
662
655
565
578
654
622
553
626
590
642
244
630
603
596
566
584
601
575
387
595
568
621
604
594
600
581
574
135
599
596
598
562
617
600
595
560
456
471
524
612
634
608
575
568
590
537
131
453
547
577
578
594
588
581
582
495
570
550
559
557
537
581
598
431
522
598
576
582
595
598
611
549
515
596
541
556
558
599
613
630
608
591
568
625
647
602
625
523
638
614
531
617
584
485
550
630
577
636
608
593
583
628
197
569
552
575
610
565
597
617
558
586
567
561
556
471
623
624
646
676
635
596
379
547
574
579
585
568
333
532
568
571
580
565
604
121
563
589
568
586
584
588
593
559
548
317
600
613
631
662
616
660
611
653
665
570
565
574
580
610
584
540
589
562
394
652
679
647
608
667
583
593
609
568
534
547
551
545
506
576
461
547
530
589
551
565
565
604
552
521
559
370
580
577
556
555
643
589
615
525
584
462
620
612
617
566
609
500
491
557
601
581
572
571
599
602
593
541
570
583
587
535
576
152
571
591
575
543
565
482
569
569
586
564
565
272
585
604
583
574
571
603
319
567
584
603
560
588
590
394
562
608
573
599
589
569
602
568
555
596
613
577
380
557
594
624
634
616
635
182
641
587
625
620
620
628
594
537
613
610
602
625
617
627
641
126
619
615
586
632
590
635
515
616
598
639
615
663
617
637
583
539
595
632
618
635
605
574
647
606
620
573
605
586
619
573
392
652
618
627
639
622
646
248
561
619
592
539
644
635
621
686
641
291
614
535
640
666
612
649
662
658
689
675
661
641
655
646
645
674
413
579
583
636
672
630
591
646
599
582
546
571
587
569
604
479
523
281
512
606
600
596
590
588
605
69
569
581
511
611
599
605
643
579
505
608
580
600
621
530
615
645
38
583
545
559
514
582
472
586
516
557
549
592
563
576
589
452
550
592
570
589
467
554
556
274
592
577
90
566
573
580
513
606
75
596
595
622
584
309
621
612
631
590
627
458
548
561
597
552
579
599
605
637
361
621
619
613
635
630
569
613
607
613
629
601
579
569
547
569
519
590
579
556
632
596
592
566
606
592
531
560
564
518
203
605
604
592
594
533
622
610
581
572
597
289
592
563
570
559
552
51
575
578
559
549
543
615
147
516
612
592
591
584
141
599
614
617
614
578
578
639
648
638
627
393
629
619
539
599
544
641
576
617
594
466
650
638
695
679
697
606
683
661
333
502
603
599
612
585
592
591
536
591
553
603
554
606
592
643
657
624
390
604
600
575
598
599
563
545
374
642
603
664
624
675
637
624
497
562
587
615
586
605
589
605
615
620
495
567
578
589
601
602
470
572
617
602
601
570
560
529
573
584
543
599
588
545
690
599
613
575
622
550
528
222
545
588
580
546
605
582
586
620
554
605
657
617
638
558
655
656
600
684
611
572
626
598
608
582
525
602
577
578
543
588
597
582
285
526
585
607
604
623
615
590
567
590
580
606
580
604
561
602
593
604
589
598
346
623
626
604
608
649
631
677
669
647
674
569
580
525
527
580
607
581
549
572
532
577
551
590
597
566
555
563
616
564
581
581
602
606
632
582
585
587
594
580
579
557
550
94
570
602
593
635
587
625
628
596
576
655
253
582
606
594
511
588
620
542
626
603
606
382
585
549
581
613
574
573
608
624
610
547
554
603
621
651
591
624
639
642
658
652
525
623
594
598
599
608
611
571
600
540
578
553
615
590
581
604
632
576
596
602
407
573
536
554
521
589
591
545
593
565
590
536
583
534
593
597
604
274
571
517
597
588
600
613
545
523
600
618
618
547
560
590
559
584
491
582
365
622
680
561
647
567
608
606
597
553
567
597
608
534
544
595
598
603
223
518
600
576
649
619
577
621
618
656
659
700
649
577
569
608
614
602
658
655
674
678
685
596
530
584
600
611
527
563
541
632
481
624
599
609
574
585
597
605
567
610
575
604
588
628
584
634
558
611
582
317
552
537
587
589
599
592
572
590
462
596
562
599
574
589
595
592
590
600
602
572
585
586
585
566
592
577
595
595
593
566
600
531
519
587
612
553
545
90
548
537
579
553
486
523
566
566
479
581
603
596
596
581
515
576
582
448
598
605
597
559
618
527
619
645
623
619
600
636
613
632
628
640
150
560
572
633
588
632
594
587
560
494
613
597
589
593
581
617
609
570
623
565
565
565
580
545
577
517
576
623
572
610
618
614
605
591
584
588
570
615
618
619
567
611
543
591
623
613
601
328
604
627
644
623
641
614
588
281
572
554
564
556
602
637
276
687
665
665
729
682
661
690
116
546
570
584
600
586
557
613
414
655
685
738
681
677
637
682
561
625
546
617
607
611
603
608
615
131
552
600
586
563
594
600
587
617
347
570
633
578
534
612
560
606
419
643
642
662
630
691
717
650
632
526
610
602
556
609
550
579
597
663
409
660
644
693
699
658
666
714
680
527
621
578
640
558
563
593
653
597
586
96
624
598
589
638
549
631
663
611
561
622
610
582
667
592
554
364
552
584
599
584
487
548
559
121
684
681
658
702
727
703
649
655
75
566
562
595
536
587
516
613
504
360
612
643
663
660
638
591
672
679
294
586
561
612
587
615
623
615
589
348
600
571
567
606
566
590
615
637
589
527
611
613
662
599
574
593
610
601
582
311
608
626
638
603
715
695
653
702
660
574
566
558
552
555
532
542
623
655
631
598
67
605
633
650
609
634
635
602
628
627
627
514
587
635
585
614
624
570
608
657
609
535
591
572
619
614
585
569
554
524
198
658
708
728
720
683
647
724
754
599
240
569
605
576
599
567
571
630
558
627
496
622
643
658
676
672
637
683
633
689
596
295
576
589
550
582
535
621
602
543
636
617
541
581
576
566
597
608
554
598
610
502
534
576
575
618
601
637
581
599
628
312
690
669
683
721
703
730
663
742
597
536
613
610
628
602
567
616
605
577
566
231
562
596
654
649
665
657
633
686
649
636
91
598
583
618
599
613
582
612
626
605
646
556
622
592
585
581
600
638
398
588
611
607
552
581
603
591
424
695
683
707
718
679
699
663
618
597
572
598
577
608
590
622
111
684
677
639
640
675
668
671
464
564
567
617
600
526
605
611
614
317
594
576
594
530
610
616
599
523
136
587
595
572
530
641
639
604
588
192
718
711
732
705
723
675
701
622
556
489
533
610
568
615
613
552
538
189
645
600
637
633
679
697
693
651
363
581
627
566
577
634
617
622
557
507
585
558
613
603
612
583
616
589
589
321
493
585
639
580
656
622
598
623
566
63
680
712
657
702
643
692
697
663
506
563
583
572
606
543
621
530
604
575
574
409
593
625
651
639
605
665
612
648
662
658
602
569
614
581
589
591
550
576
614
553
552
595
583
577
553
598
601
574
116
521
548
599
549
573
554
608
506
659
673
690
628
633
691
703
175
543
559
547
531
615
551
586
582
297
634
647
685
668
660
674
683
469
612
592
583
529
609
608
565
578
330
605
594
553
571
300
582
563
566
569
562
576
577
390
582
597
594
590
578
547
608
621
261
589
593
543
575
566
580
113
556
564
595
158
576
600
570
431
600
592
613
578
596
228
607
606
616
445
596
554
619
447
515
571
619
585
604
568
597
484
487
599
532
603
636
577
402
589
223
628
660
693
598
626
624
591
660
531
596
642
698
696
655
673
674
649
598
625
625
602
660
686
665
623
612
677
608
597
606
628
604
607
515
580
594
622
595
607
595
611
599
211
585
596
632
639
618
639
627
522
605
627
608
648
628
536
574
612
617
538
576
615
563
189
556
559
573
539
591
590
248
505
610
661
668
678
606
618
253
546
605
501
529
598
598
596
428
618
616
663
643
649
658
645
362
595
524
588
618
622
595
584
651
586
545
555
623
217
590
154
601
633
670
613
637
618
443
707
672
727
684
683
715
679
633
644
678
706
693
700
682
664
78
557
594
597
565
522
519
234
559
549
609
625
600
596
589
577
528
456
570
579
604
566
556
613
575
587
467
558
568
540
538
454
622
584
618
621
564
613
289
559
603
597
625
615
552
606
615
556
568
641
601
626
606
617
628
522
455
637
580
609
687
635
642
635
698
646
698
563
595
606
558
570
552
562
427
633
582
625
639
564
615
604
631
599
584
605
619
594
594
572
197
572
567
494
575
569
596
568
374
557
573
596
594
607
585
614
630
609
543
604
599
640
622
613
575
562
576
608
611
572
600
543
442
563
585
566
593
568
526
582
608
657
650
622
640
623
616
608
602
612
593
621
626
615
714
589
532
716
624
669
643
655
659
604
643
626
614
601
60
35
582
564
552
594
601
577
461
606
638
613
609
623
494
565
563
591
579
543
567
579
154
550
567
543
568
574
545
622
607
592
574
521
596
636
574
565
618
620
636
597
567
591
572
483
573
593
593
595
516
589
563
596
616
685
617
645
618
132
653
657
588
657
630
614
593
609
601
643
365
604
621
624
622
671
627
556
625
597
565
559
611
513
645
619
582
641
632
609
70
579
614
612
549
611
600
582
593
603
590
535
572
482
564
517
609
545
293
203
531
547
566
545
543
522
581
572
228
507
484
580
592
573
581
592
363
573
562
582
584
536
598
540
600
596
258
550
595
570
619
552
580
594
637
615
575
545
594
591
617
594
603
615
204
558
546
611
578
571
570
534
573
601
592
569
600
597
529
89
540
557
580
592
590
600
571
584
320
640
619
606
547
601
623
544
556
571
550
614
618
593
591
589
590
504
493
623
521
588
517
550
489
547
525
599
569
530
621
623
542
482
608
570
578
597
598
598
607
204
576
575
593
598
593
628
533
576
577
508
567
578
547
578
586
557
201
566
565
557
575
569
562
538
571
497
591
577
615
558
578
600
587
57
584
562
578
565
588
597
592
578
598
568
561
580
573
533
567
596
565
499
562
513
585
558
564
572
280
557
531
532
508
588
578
554
549
157
654
650
611
596
664
327
565
554
599
532
607
545
602
621
611
578
165
584
538
552
582
616
615
403
582
603
609
600
457
638
648
588
626
617
621
608
579
602
453
565
615
587
595
608
567
634
306
628
614
564
544
608
607
595
564
527
617
557
525
545
521
526
495
407
558
460
607
661
639
664
619
592
64
641
615
588
608
634
596
635
407
605
562
604
544
570
575
543
100
570
554
554
571
583
390
586
588
641
650
629
608
644
681
675
650
681
680
571
597
627
628
594
630
609
88
603
591
609
593
610
572
223
604
597
602
586
607
606
564
586
543
571
555
621
485
612
526
596
580
580
598
555
353
580
560
569
562
551
625
556
604
253
610
598
622
606
611
626
637
562
590
577
538
567
570
575
626
633
635
565
178
604
622
654
614
620
608
636
606
355
556
601
612
588
557
569
578
560
563
588
607
551
579
623
533
591
591
567
608
585
585
598
207
619
540
620
667
611
557
553
611
603
382
592
638
616
631
552
570
620
566
566
549
624
597
603
635
633
34
593
571
614
608
598
624
642
618
634
360
544
597
602
521
590
564
560
569
675
594
632
639
637
644
620
259
592
641
618
585
594
146
576
534
609
637
633
616
588
628
586
586
597
602
565
574
598
360
615
634
600
624
561
603
619
615
619
642
607
611
594
603
596
603
228
634
629
630
591
621
647
632
613
632
576
590
583
616
605
622
615
621
574
116
591
601
621
590
585
637
629
592
613
624
634
630
590
667
616
591
627
576
532
608
309
574
599
607
592
632
566
614
626
595
644
454
604
593
584
579
562
314
593
534
610
589
586
77
577
615
625
615
592
577
625
635
623
629
659
612
609
592
589
567
526
610
607
558
640
624
592
593
652
651
605
591
597
635
527
595
546
605
592
636
606
592
219
580
584
589
623
599
613
600
614
615
586
104
615
545
617
650
641
588
590
557
572
548
448
594
568
603
584
591
595
207
593
553
596
563
250
608
594
636
613
546
540
586
567
147
609
544
584
565
592
546
576
537
579
589
584
565
583
599
589
580
610
606
630
575
573
546
580
599
545
596
586
494
591
600
606
603
596
512
554
544
528
589
595
588
583
577
588
543
531
550
573
263
589
594
623
639
604
589
600
421
518
535
513
579
561
525
333
587
595
551
564
545
510
572
543
480
519
514
565
582
602
602
487
584
559
549
533
569
574
527
601
575
580
301
558
556
585
600
597
579
568
540
434
516
577
602
590
601
559
521
577
597
631
511
589
527
553
599
601
588
584
373
536
507
558
581
610
590
540
183
601
590
608
621
619
603
573
580
609
622
561
513
567
601
591
535
572
594
557
532
605
549
595
587
215
524
547
584
518
584
590
549
545
532
531
578
550
433
581
582
568
575
558
613
573
511
585
592
573
583
516
569
559
572
479
577
559
571
547
576
567
572
492
533
592
553
490
563
544
557
571
568
331
559
559
537
565
584
547
534
564
569
566
579
581
589
564
535
350
615
619
607
625
617
604
96
655
618
628
666
643
648
655
554
645
664
649
693
668
711
674
623
621
614
623
565
597
637
640
632
583
657
242
582
546
584
540
610
590
597
594
577
591
580
650
598
606
561
585
577
600
588
199
544
547
568
548
534
590
556
568
531
177
608
636
638
573
604
580
548
543
138
619
526
624
585
629
614
638
608
623
625
537
575
531
573
561
535
293
565
602
557
598
610
550
568
532
458
570
530
577
584
607
520
568
303
611
640
613
608
620
589
299
577
603
598
640
170
551
614
608
588
596
651
658
632
282
568
543
574
615
672
623
590
574
572
618
599
601
581
606
574
609
94
543
601
584
594
595
615
604
78
590
586
560
606
638
590
617
571
583
579
588
554
596
592
603
578
576
570
594
594
584
354
598
625
610
601
392
601
401
598
594
583
603
599
608
592
291
594
627
615
628
670
644
657
285
582
579
578
564
555
554
75
613
633
686
697
669
723
700
708
122
599
625
584
595
640
661
481
489
540
552
519
542
568
563
532
547
154
544
578
590
519
538
511
398
606
589
600
591
583
560
202
579
540
558
567
537
567
582
584
561
583
584
587
607
591
590
579
527
596
585
598
591
572
587
604
599
591
606
575
572
587
583
581
589
307
577
584
574
592
576
593
589
443
577
601
620
620
571
82
556
586
563
573
592
617
230
594
529
610
552
622
590
346
593
570
546
565
80
535
569
603
604
613
597
625
355
505
500
561
623
639
592
602
600
619
611
568
604
588
570
583
605
599
628
619
586
564
72
578
573
581
596
571
557
568
350
607
615
527
574
658
592
544
514
565
598
564
589
654
624
592
610
558
660
651
615
645
515
604
546
569
532
537
637
634
568
373
600
595
601
609
572
582
554
637
554
571
666
581
610
623
590
605
582
615
600
576
620
592
567
577
516
575
593
598
639
637
604
532
533
534
612
588
504
512
576
593
608
594
581
563
543
544
595
563
586
555
551
607
620
637
597
661
661
348
595
547
583
564
649
578
602
570
436
624
598
649
634
564
625
624
656
577
664
558
585
529
598
614
600
153
591
593
548
593
583
554
607
581
575
359
578
568
535
585
599
575
549
426
516
557
574
544
554
591
567
488
580
582
587
156
547
523
604
566
562
576
587
604
597
596
386
574
515
586
552
599
587
590
562
397
562
561
565
559
513
578
540
566
543
590
546
553
549
585
600
545
541
565
542
494
589
435
546
578
576
588
570
523
537
592
523
527
319
577
525
536
561
583
567
601
542
567
549
553
492
587
584
491
543
558
568
550
562
404
552
581
573
529
555
596
533
515
541
309
564
579
506
526
558
560
563
462
96
558
514
585
565
508
527
577
510
589
362
565
592
571
555
556
576
494
561
563
523
75
547
561
517
547
561
494
566
102
556
550
566
562
538
578
581
538
541
559
48
567
614
581
631
593
608
581
565
541
550
519
563
529
536
229
525
572
545
586
546
463
584
542
560
515
584
627
588
578
628
681
601
622
618
452
612
647
637
681
663
664
652
667
549
577
576
597
583
567
569
589
572
569
577
294
584
545
545
561
527
545
134
551
597
585
589
559
553
551
577
567
589
583
653
645
690
659
672
595
683
577
591
569
566
524
572
532
262
595
568
576
560
611
588
595
559
582
595
597
594
562
560
597
260
610
578
618
615
580
612
554
614
355
656
630
578
605
629
466
556
600
543
627
622
575
631
570
601
562
601
632
639
645
638
583
110
585
564
558
595
593
531
593
610
572
562
635
544
598
655
641
628
661
646
314
591
617
594
562
604
608
578
508
402
558
588
565
575
585
555
569
553
568
577
461
587
560
586
550
547
581
643
617
631
576
581
587
599
591
600
598
603
596
581
602
217
624
598
663
609
632
587
630
617
619
512
570
561
550
545
571
580
542
615
591
574
576
629
599
597
565
534
574
557
582
571
132
530
614
664
632
622
574
436
551
599
546
574
605
586
593
225
636
592
612
643
607
610
656
576
617
551
598
571
608
600
620
621
588
525
613
617
605
599
600
613
596
439
605
577
606
619
612
431
614
588
564
605
575
605
587
330
642
612
599
647
618
602
636
605
559
619
646
608
604
609
598
618
607
610
588
538
161
622
614
619
618
606
171
581
581
601
618
613
620
628
562
204
544
588
615
607
634
607
599
641
568
566
599
565
597
618
596
600
611
571
596
618
431
512
590
570
592
568
528
498
582
586
585
587
570
583
531
581
485
232
588
592
602
581
612
607
600
447
587
596
603
609
587
629
574
582
108
626
570
588
516
584
616
592
242
634
575
656
624
628
640
645
629
598
598
576
611
616
601
623
628
619
630
672
598
674
571
609
578
570
622
623
608
639
606
622
641
277
594
596
582
576
556
623
612
575
570
415
573
579
583
592
603
63
521
575
570
519
563
588
524
556
562
336
524
546
536
493
540
523
516
483
540
528
551
544
525
552
584
552
552
569
562
497
534
560
676
637
648
567
600
585
605
547
263
613
601
636
581
664
590
501
595
636
628
601
592
614
649
542
437
624
640
661
649
621
648
650
612
640
642
608
640
619
640
638
637
590
557
524
596
511
606
572
591
629
625
635
635
601
609
580
628
593
610
614
618
612
587
624
491
578
500
600
593
586
603
579
118
588
632
615
621
643
614
576
561
621
596
601
558
578
589
571
565
575
554
325
641
625
643
571
639
579
662
629
575
572
572
567
554
564
528
499
507
573
149
602
535
616
653
663
642
623
621
611
598
304
579
595
558
565
579
594
583
551
566
145
602
619
587
609
638
651
663
610
706
632
674
440
594
548
550
591
548
576
588
558
512
531
118
693
656
670
668
695
654
716
635
678
614
648
574
651
657
628
559
642
659
639
547
303
643
625
637
640
609
695
355
601
591
561
556
585
575
654
553
647
650
581
659
664
668
631
603
336
529
577
575
625
590
669
608
495
645
559
662
664
680
570
634
621
665
626
621
594
589
621
537
596
601
595
419
620
619
609
600
603
587
597
555
600
596
564
557
587
502
597
575
576
524
539
613
619
575
668
695
656
681
686
645
565
587
662
657
656
646
613
644
650
615
577
645
534
292
598
607
601
607
592
580
359
678
657
654
690
614
656
674
637
660
683
696
587
592
528
560
603
515
549
568
505
630
689
693
677
603
636
639
587
568
248
510
514
573
543
590
558
205
636
660
650
661
679
638
610
642
644
594
567
552
604
543
604
136
561
566
549
575
578
570
96
571
573
518
498
488
580
518
338
564
558
541
544
442
558
550
568
542
541
597
582
571
292
555
573
571
552
552
430
571
577
595
585
589
532
568
565
473
662
659
632
618
628
620
88
637
644
621
645
659
655
681
612
623
670
665
698
681
601
700
650
676
659
582
600
576
581
552
578
577
517
611
611
540
573
566
602
573
609
619
581
524
443
568
592
588
591
580
588
594
568
596
552
549
549
490
543
557
506
576
577
593
579
614
546
554
577
592
604
606
578
589
493
519
536
578
560
547
593
576
548
585
399
586
595
588
618
661
650
618
671
644
636
595
611
591
622
604
590
569
617
590
568
534
619
612
637
634
606
627
586
637
631
610
590
611
600
615
610
637
638
546
598
588
582
583
558
594
608
606
596
587
437
601
603
601
597
613
607
621
605
595
607
617
614
630
647
622
689
664
679
663
669
659
553
548
546
558
560
560
579
567
539
544
570
577
569
564
581
499
563
385
609
604
617
630
606
563
619
619
602
254
553
603
606
590
588
592
606
569
575
619
611
587
600
580
570
485
230
613
615
623
631
638
645
589
605
75
656
648
637
647
651
444
557
573
612
636
628
590
615
572
188
628
597
552
613
593
657
631
521
614
642
613
632
612
596
521
230
483
700
715
650
590
718
721
651
590
616
574
609
614
617
601
628
555
515
627
555
567
583
617
616
599
640
610
635
579
605
566
570
587
539
586
588
584
77
560
604
599
563
591
597
603
621
544
605
546
555
544
507
541
561
575
644
657
660
584
644
661
604
470
602
616
645
623
597
573
614
590
115
579
598
595
600
577
468
614
603
589
609
607
557
598
237
621
596
602
622
600
586
615
92
588
600
597
583
612
589
429
531
580
595
557
584
223
628
593
619
585
555
604
609
306
611
579
608
613
619
618
586
271
610
631
611
619
634
633
599
609
210
565
605
565
597
618
602
567
91
620
611
609
661
608
621
282
605
639
607
625
632
570
599
634
615
114
598
562
632
622
600
600
302
595
604
610
608
623
623
600
564
622
296
575
625
640
663
657
607
613
622
603
463
576
551
583
605
630
583
566
551
50
615
626
620
621
625
611
79
568
593
583
576
571
215
608
593
618
590
629
582
569
550
546
537
535
620
603
619
608
598
595
613
615
587
553
548
412
593
576
576
598
607
595
596
614
115
615
642
628
601
589
575
362
573
529
579
606
564
514
369
563
555
540
596
571
599
596
550
443
519
602
450
573
587
549
599
557
542
152
614
585
556
621
609
633
578
659
605
569
516
536
575
576
623
599
438
571
579
621
586
609
573
611
539
632
619
81
620
569
512
645
615
606
602
611
614
560
519
526
544
601
600
571
581
565
544
568
356
605
562
585
565
588
562
598
600
280
576
595
596
560
549
604
576
242
594
517
588
574
568
602
569
565
138
602
575
574
570
541
566
564
589
608
503
576
569
544
558
592
576
599
608
302
593
601
569
637
592
615
597
612
593
593
651
582
584
543
586
607
548
604
536
620
583
135
581
560
558
535
570
545
584
562
242
525
546
610
554
583
543
558
514
490
526
510
582
555
522
548
582
550
577
582
546
612
602
607
638
663
647
681
653
623
571
558
368
582
579
587
599
587
573
598
525
440
594
576
580
613
599
602
621
566
486
585
595
593
584
575
594
625
584
616
584
510
571
542
539
554
627
564
588
585
590
580
572
551
591
551
300
546
576
561
561
567
582
575
215
582
540
548
581
571
540
472
544
587
573
599
586
403
564
538
552
583
557
582
234
595
592
590
613
593
592
619
87
601
547
545
612
581
585
413
613
604
610
627
645
631
561
583
267
563
576
590
577
536
584
596
458
568
539
571
567
576
597
195
567
564
587
584
613
607
589
465
559
568
550
566
590
625
577
596
563
585
558
595
619
618
613
620
620
639
639
569
376
585
550
602
550
593
553
562
62
619
629
644
630
627
633
403
581
597
576
571
562
585
292
541
628
552
582
537
570
532
554
387
597
572
543
571
554
484
576
593
593
592
596
374
602
563
515
573
540
224
572
586
588
570
425
592
585
578
558
531
601
610
595
610
566
487
573
586
555
592
556
392
600
587
579
611
624
634
615
587
542
575
554
605
563
107
553
561
523
570
573
277
583
584
580
597
586
590
359
604
567
575
603
534
600
581
586
597
599
620
594
574
603
634
523
554
551
564
562
570
449
571
600
602
649
606
217
582
618
551
531
607
601
589
557
246
603
509
567
643
573
574
524
593
586
624
210
544
594
582
579
548
576
575
342
564
542
578
575
590
587
603
325
580
577
551
533
558
554
602
533
592
558
539
568
542
562
536
592
582
549
585
539
598
583
601
593
584
570
561
568
91
551
583
593
591
602
606
608
618
590
625
612
597
624
635
552
551
190
577
555
582
560
507
552
529
568
182
539
564
568
543
532
554
573
568
554
583
585
548
566
545
544
265
541
573
578
570
523
588
599
599
562
562
580
579
576
583
600
552
575
603
622
605
561
507
595
593
576
587
547
565
578
162
565
577
579
586
583
610
598
152
564
563
604
519
613
496
630
605
571
575
581
554
559
153
540
578
567
582
572
537
269
586
619
556
502
561
539
586
613
609
327
587
589
381
578
515
585
563
577
600
581
581
220
590
590
590
584
582
567
607
387
596
576
574
576
521
508
599
559
603
114
597
590
603
576
571
569
623
559
624
438
585
584
602
588
584
517
159
572
610
631
270
578
573
618
631
600
572
616
588
552
625
625
578
601
588
587
550
352
584
568
399
595
568
557
566
545
532
130
536
541
577
590
529
603
574
591
576
602
544
584
584
579
480
548
572
568
602
553
566
612
602
610
614
575
567
610
602
643
612
639
595
570
575
309
591
583
586
589
573
548
173
577
545
576
596
591
581
596
575
571
203
596
575
605
601
587
556
130
586
570
598
573
595
560
514
165
569
519
490
588
561
539
559
631
596
597
589
544
464
572
541
535
225
576
561
587
562
205
605
558
605
564
419
585
566
551
529
560
552
313
553
582
589
592
518
620
595
623
575
631
575
343
582
563
577
562
550
564
567
599
560
590
564
564
578
525
524
554
534
413
557
549
590
606
579
571
576
100
615
604
595
609
583
579
565
383
540
566
561
532
576
151
565
568
609
587
578
373
632
585
635
608
572
627
596
327
528
494
588
581
598
591
587
539
482
208
613
563
574
591
602
553
499
565
588
549
603
560
609
107
546
578
527
606
549
594
131
539
576
585
593
581
160
571
568
574
578
570
521
594
561
622
591
574
581
529
328
541
551
549
598
541
575
237
604
607
605
646
599
579
616
596
157
599
599
570
585
599
558
574
589
587
590
555
571
583
252
481
588
521
549
529
582
556
516
300
501
563
585
605
564
604
603
557
590
369
601
604
576
626
600
619
602
593
567
196
607
581
556
581
531
505
133
581
597
580
587
626
618
259
631
616
608
590
584
602
580
238
570
591
621
619
590
557
607
546
592
525
577
558
538
520
504
274
556
590
581
585
568
586
260
617
605
608
594
608
422
604
581
575
580
554
88
543
542
579
568
587
576
569
602
613
534
553
615
464
524
594
597
583
559
511
367
583
571
587
585
611
575
666
549
382
552
578
557
581
578
574
563
125
556
579
574
530
543
597
467
585
563
554
553
501
572
544
489
339
509
529
557
583
576
558
508
579
499
602
584
622
595
657
612
634
658
390
590
586
599
592
555
543
114
587
590
575
518
606
589
438
596
593
591
594
578
606
579
552
261
567
551
582
602
617
528
621
586
410
554
538
592
553
560
616
526
580
220
531
580
548
560
560
576
540
523
590
560
581
596
587
610
496
601
529
590
569
589
513
568
581
591
584
566
591
375
559
570
559
590
601
558
554
395
583
577
562
532
532
578
599
62
625
618
675
670
626
647
610
624
578
96
609
564
578
575
585
566
630
599
651
541
584
598
541
595
566
545
551
525
594
559
584
577
595
572
599
572
319
580
522
588
622
609
574
626
634
564
565
550
606
594
608
575
632
606
632
634
623
524
613
580
583
554
546
570
538
605
599
559
616
604
555
576
334
553
557
551
572
577
591
592
569
540
36
576
572
577
578
592
567
575
182
615
605
596
605
555
553
432
609
588
556
585
536
580
240
587
571
559
576
587
547
381
539
563
552
545
557
541
519
56
538
520
541
556
435
566
547
602
618
580
613
554
594
612
611
595
573
568
506
574
531
493
574
542
590
542
266
590
556
617
543
610
602
571
589
628
642
617
565
606
568
559
641
550
562
582
528
198
569
545
617
627
627
614
622
587
622
579
526
569
557
603
593
613
572
564
600
531
547
580
616
621
598
578
589
54
645
557
618
679
678
654
662
312
611
615
608
570
382
650
654
674
665
584
655
687
690
677
696
666
658
593
675
644
685
622
622
643
149
596
589
580
610
593
610
553
536
629
635
638
677
643
637
616
680
389
575
613
533
598
530
541
577
572
425
648
635
618
652
650
671
374
601
571
579
553
577
565
527
530
534
596
548
596
605
579
600
554
282
605
622
590
563
558
590
316
581
593
584
591
495
549
600
646
606
580
590
551
585
545
581
473
559
571
607
572
435
600
595
579
580
587
577
582
569
577
591
550
604
615
587
607
542
629
594
558
589
592
628
527
582
588
601
597
544
615
586
607
605
620
627
587
616
594
602
247
586
562
589
615
545
630
591
613
463
579
594
603
583
637
594
530
628
623
600
617
534
606
601
613
630
614
642
612
614
623
157
592
594
580
583
578
567
569
635
621
536
651
672
618
633
647
656
687
682
677
639
679
89
625
636
607
637
629
651
602
233
609
591
647
684
674
609
679
678
642
638
428
661
700
681
684
655
674
618
594
597
609
680
598
656
683
648
396
596
552
593
595
582
552
620
467
610
609
581
608
633
622
621
571
478
589
583
612
619
621
614
281
563
582
567
550
613
564
613
606
482
588
574
586
613
600
623
614
551
610
628
664
574
555
557
525
530
597
544
527
569
660
597
590
606
612
557
572
573
583
512
205
654
625
582
617
583
626
536
601
627
612
638
616
537
626
603
632
628
585
617
607
559
601
604
553
86
578
628
651
672
619
621
625
674
620
575
577
573
560
616
554
586
578
190
558
582
574
510
603
560
615
462
571
620
590
622
620
608
603
629
417
622
546
586
628
628
635
622
537
605
512
553
556
597
555
588
592
581
513
505
607
707
620
691
695
691
672
668
718
711
634
594
635
598
644
640
634
622
598
588
123
565
582
601
587
570
598
521
183
534
524
560
534
536
557
593
588
593
484
575
533
597
588
562
606
620
586
397
569
603
594
621
594
576
613
581
132
611
615
602
623
605
593
261
480
556
567
570
562
591
509
571
594
595
280
560
656
668
694
708
708
705
509
602
616
624
553
628
626
585
614
566
122
563
599
556
606
615
603
608
558
609
566
585
594
591
555
578
522
533
598
85
646
621
631
616
591
592
564
569
642
331
580
594
573
619
631
624
584
619
654
633
282
584
629
594
617
633
507
583
598
596
570
572
619
573
91
545
591
625
621
608
566
568
609
580
604
609
608
589
619
590
614
619
609
600
563
588
571
563
553
575
278
570
578
507
536
580
537
543
578
550
564
505
553
524
541
538
513
564
559
161
618
615
551
610
608
556
590
586
485
593
620
589
610
602
601
638
622
604
622
640
605
614
595
577
611
592
596
608
528
612
591
559
588
630
574
610
657
638
614
549
641
608
373
603
599
567
590
534
524
614
505
550
575
599
572
629
514
611
571
525
78
592
587
599
590
604
628
337
600
625
619
575
624
636
615
533
622
589
603
622
551
630
555
631
590
617
566
581
612
572
655
630
624
473
585
579
589
606
574
529
612
614
606
606
105
557
577
504
607
550
625
592
614
607
189
568
602
542
603
535
533
574
530
504
599
571
590
576
550
500
541
550
594
532
492
525
576
502
570
541
535
548
552
511
546
617
560
596
549
577
516
560
552
77
509
493
536
468
447
511
505
520
420
516
544
545
575
579
582
586
586
552
505
258
530
505
511
444
443
603
507
610
593
515
569
599
610
594
574
609
600
578
600
479
495
583
548
530
503
595
529
559
503
533
513
575
627
595
603
606
589
589
612
589
576
588
539
559
458
482
534
548
561
485
552
554
570
567
558
550
602
589
183
597
572
579
580
612
630
589
574
536
594
588
569
544
561
571
566
534
626
590
606
608
633
587
586
556
590
509
573
560
601
398
586
555
605
552
556
599
607
554
599
548
545
554
553
594
543
599
587
573
551
573
604
597
599
596
613
600
569
505
530
572
592
568
537
598
577
602
306
572
536
580
605
528
592
588
612
561
255
576
551
596
616
605
609
579
596
522
543
610
588
561
553
523
582
570
597
592
612
596
597
614
570
517
213
563
617
590
560
493
606
562
207
540
551
542
559
579
601
581
104
604
560
619
593
574
610
581
551
583
561
577
605
593
615
562
612
571
512
602
571
617
563
626
564
580
568
610
553
610
571
590
531
554
560
719
699
616
674
717
693
542
319
551
551
554
516
513
533
586
583
549
312
687
573
715
678
630
562
703
675
285
574
542
609
600
590
586
581
543
544
579
694
741
607
726
676
745
659
720
695
673
709
676
718
751
751
656
680
647
623
261
535
548
391
549
556
530
572
588
605
623
598
586
183
557
549
546
555
572
520
576
573
618
375
497
551
569
475
491
591
557
316
582
584
596
570
582
601
586
575
528
552
203
579
546
607
557
633
618
640
316
580
568
575
655
586
551
593
577
609
584
562
482
592
629
609
683
666
587
504
591
559
577
606
569
585
603
581
411
586
638
584
625
616
607
610
595
604
326
562
578
559
538
599
546
594
549
477
591
577
620
630
625
612
648
614
607
609
144
597
628
592
593
591
609
602
554
603
407
599
561
585
600
643
601
533
604
591
157
584
572
607
617
576
624
616
623
174
554
531
602
618
595
568
605
541
575
600
595
607
556
608
579
586
599
474
532
577
588
594
537
561
150
613
586
579
604
595
589
536
580
41
533
577
604
536
604
544
574
567
550
561
253
534
562
552
577
563
155
585
588
571
575
576
580
566
516
98
572
556
550
598
563
525
562
553
136
608
599
607
619
649
634
583
565
558
534
616
545
610
473
613
647
619
327
553
580
600
604
606
580
635
646
649
555
578
572
616
588
558
587
573
288
543
588
595
502
591
595
591
603
562
569
512
624
595
587
508
554
659
621
629
599
563
607
615
585
614
631
586
582
508
590
591
334
538
601
622
555
631
639
643
600
603
550
623
529
543
570
595
624
621
608
664
556
624
647
549
586
558
574
585
561
545
571
574
581
557
612
591
616
548
534
625
598
540
584
630
592
524
570
582
565
540
537
497
532
499
583
591
592
523
497
598
600
559
510
568
583
561
597
620
644
582
606
636
614
633
603
672
609
621
619
598
624
619
579
597
577
585
585
580
543
600
566
622
640
625
567
644
344
557
505
568
613
757
662
678
655
658
539
609
599
575
530
581
610
510
576
543
605
595
558
615
555
614
353
617
527
548
565
614
587
470
575
554
560
600
572
600
604
603
590
572
582
577
591
585
597
583
563
159
593
599
580
570
594
224
251
585
585
594
577
554
209
578
580
594
544
578
586
595
221
566
557
554
563
528
501
523
183
594
573
571
599
619
570
683
638
477
613
589
579
516
577
570
557
206
502
569
572
472
572
564
639
580
520
179
523
572
530
542
569
517
538
538
574
574
612
631
614
612
577
139
562
559
595
571
600
593
550
64
568
574
584
508
592
564
504
615
607
636
628
641
625
583
638
618
225
561
625
557
585
590
612
553
642
359
529
570
542
571
533
561
415
513
631
627
657
665
657
607
596
678
597
563
586
588
512
565
567
603
653
658
713
638
590
609
206
583
676
633
609
582
629
607
544
221
639
677
693
660
657
56
569
579
542
545
590
313
646
647
685
669
652
653
67
591
567
601
540
594
590
574
566
592
612
640
556
601
603
585
574
597
450
527
575
575
575
554
570
551
572
579
376
570
590
571
622
586
543
564
348
545
552
546
563
518
533
558
130
567
535
588
584
578
580
493
496
247
551
541
536
594
586
557
613
126
633
637
628
625
641
628
81
566
625
642
611
621
644
610
594
625
187
610
601
617
656
608
606
613
564
602
621
651
632
636
642
662
634
454
566
571
573
584
588
572
603
612
609
611
608
585
582
581
324
590
606
633
663
675
689
658
659
588
626
636
603
614
608
642
667
669
676
696
628
641
617
620
614
602
575
341
609
637
557
650
582
552
606
616
203
565
558
551
595
582
608
435
578
593
597
570
592
605
600
304
603
636
631
615
633
609
529
572
585
614
577
562
637
575
639
665
603
463
615
595
570
572
597
615
606
405
596
630
601
602
607
592
612
571
570
574
583
581
587
160
593
558
603
592
580
607
602
598
146
616
639
632
650
618
625
601
586
621
616
640
596
609
460
683
675
674
679
694
698
421
605
667
679
710
686
650
651
647
557
574
556
595
583
594
523
610
359
592
549
562
546
526
555
436
534
551
510
559
578
393
554
544
588
560
590
584
396
557
557
605
572
580
576
574
550
569
573
497
560
542
580
519
355
576
532
566
579
552
531
269
547
504
557
582
540
516
546
263
537
487
562
563
566
556
510
419
525
529
539
501
494
547
513
554
561
601
586
533
569
609
641
564
374
517
555
563
590
567
605
540
528
169
564
605
609
587
610
599
628
581
592
330
593
584
569
621
588
595
618
594
615
637
589
566
585
645
578
573
602
653
560
643
600
624
577
516
584
641
626
670
680
635
611
637
688
620
636
612
621
589
611
607
321
607
598
574
592
594
578
111
610
592
593
602
583
625
601
571
597
554
605
632
662
667
631
399
538
544
555
573
540
550
530
525
360
551
624
586
533
592
600
582
529
576
473
526
115
617
607
576
604
279
561
559
585
588
561
569
573
587
369
569
585
536
603
596
584
602
600
573
605
623
608
616
569
591
637
628
602
604
603
520
490
539
554
56
576
114
201
629
610
584
530
534
559
507
238
619
639
621
608
603
622
604
584
298
584
606
611
584
555
579
435
575
598
635
599
593
566
568
316
661
659
650
678
649
663
623
623
556
559
580
608
561
595
625
610
504
650
603
605
592
640
604
605
614
580
584
253
628
633
598
618
608
612
597
422
607
586
619
582
600
587
586
609
634
587
163
545
526
541
529
565
569
602
358
562
609
568
603
583
576
549
539
600
99
611
636
656
623
643
679
684
685
600
376
553
605
608
629
249
581
657
648
673
611
671
629
635
579
575
619
640
610
681
318
554
591
593
562
580
595
436
552
584
589
588
584
568
555
259
487
580
570
598
594
551
626
574
609
575
584
553
607
610
606
586
588
273
577
487
590
621
608
619
630
629
626
613
596
599
544
610
569
551
582
534
238
582
593
563
568
586
593
568
86
518
589
569
593
590
622
594
598
392
606
629
638
625
628
641
592
632
565
617
631
619
630
592
219
638
614
605
565
574
578
542
94
593
565
605
591
611
625
626
550
535
533
557
604
612
593
553
598
461
610
621
621
604
590
601
470
592
605
620
595
596
425
656
613
613
538
616
594
624
265
596
565
586
555
575
619
609
645
589
111
541
565
568
580
557
587
608
534
565
55
590
549
559
572
572
576
569
408
608
611
621
624
647
636
164
524
601
604
615
566
166
538
573
578
562
612
565
577
293
571
569
608
628
596
596
550
553
551
599
613
614
609
622
621
594
621
126
566
596
614
591
610
614
593
70
607
577
602
614
579
597
612
585
603
583
608
587
604
451
608
614
616
593
93
618
606
578
629
600
590
620
613
607
654
44
641
609
589
589
607
594
622
579
589
247
571
597
623
629
626
608
590
610
96
628
618
621
627
637
608
574
283
640
630
634
644
639
657
645
636
609
599
564
331
588
531
645
594
629
518
209
563
602
615
516
615
549
589
539
555
582
611
596
528
583
623
617
580
574
610
616
615
588
634
351
580
613
593
606
616
625
523
596
564
559
597
579
575
613
609
598
572
530
600
587
555
604
619
615
554
545
603
621
567
580
594
605
583
572
576
597
581
592
616
588
589
595
557
575
592
553
635
587
240
630
603
551
642
621
647
677
627
665
567
595
536
583
628
624
609
615
581
237
617
647
618
578
575
198
571
581
570
578
625
606
651
400
573
552
601
566
612
598
574
574
269
536
526
578
593
519
599
547
609
543
579
575
593
554
580
609
593
623
575
537
649
554
607
640
636
653
631
654
637
639
232
611
625
576
542
600
573
325
464
569
577
594
558
569
541
416
587
561
596
553
577
568
562
463
601
575
568
485
606
573
606
502
578
548
582
600
583
569
219
596
552
615
625
651
669
620
373
525
611
644
566
575
541
566
540
561
582
588
637
541
605
621
636
652
653
671
610
119
559
589
606
613
619
626
651
607
153
531
493
570
554
596
528
577
532
583
549
446
579
559
551
549
566
550
210
587
591
556
650
603
575
659
538
687
610
656
651
663
659
645
704
619
647
357
567
520
519
594
537
547
396
589
561
616
605
572
574
608
604
557
593
634
613
578
614
601
618
664
601
566
595
588
514
606
599
607
536
545
74
122
534
599
521
606
592
621
310
593
605
595
575
592
556
584
610
611
598
618
624
609
616
384
549
599
633
656
665
671
686
564
631
629
635
579
557
609
317
312
561
608
551
601
630
527
609
564
265
563
600
621
658
604
612
601
593
630
615
672
601
599
646
573
585
620
641
599
101
590
575
595
579
551
592
613
617
602
642
624
659
615
636
635
624
660
595
664
615
304
565
600
569
619
587
586
586
558
620
563
156
599
568
599
586
603
587
619
628
614
668
588
615
583
558
575
584
598
615
232
617
635
643
631
624
410
522
611
574
612
607
553
586
642
637
592
592
580
592
499
582
533
135
580
575
537
522
491
536
633
620
642
660
588
598
611
216
576
553
607
533
628
664
646
550
455
612
616
635
630
600
651
623
607
461
595
544
596
553
527
612
647
650
612
643
507
589
580
597
602
688
644
635
611
643
575
570
609
575
563
580
560
564
589
530
551
582
579
334
626
615
623
600
638
667
665
607
622
194
603
607
609
630
601
598
611
579
550
446
603
567
583
616
587
558
561
571
556
626
620
619
631
644
654
607
503
642
637
646
622
624
640
571
604
574
108
572
607
625
610
549
638
625
628
609
528
547
601
588
602
610
596
592
582
553
615
140
603
551
601
619
627
614
590
431
621
648
581
624
621
602
639
659
609
531
403
584
576
548
619
635
603
552
618
531
585
629
632
598
606
631
617
548
560
577
564
572
647
612
604
598
535
590
543
135
534
621
591
605
645
651
633
570
681
641
624
611
654
639
618
630
618
596
616
614
604
528
642
588
661
653
602
594
565
664
386
588
624
591
645
634
611
622
638
578
667
579
538
546
616
586
599
634
200
556
592
555
606
595
570
564
348
543
558
558
613
600
591
579
241
617
609
571
568
542
604
589
208
647
630
622
605
609
611
571
571
617
582
593
635
591
582
556
635
551
224
586
577
586
547
564
620
285
584
585
595
560
569
583
218
573
560
581
620
563
559
539
276
574
517
516
571
559
581
191
522
552
585
522
562
600
589
546
548
577
510
546
597
576
476
105
541
541
532
593
551
572
576
327
622
589
572
593
594
589
551
610
566
593
593
562
230
596
515
595
598
607
594
617
413
539
542
596
557
575
419
588
579
612
596
605
584
380
482
554
559
563
582
521
281
595
596
536
517
522
550
533
136
528
574
571
549
549
576
496
582
599
547
564
595
533
174
581
583
607
610
634
570
612
609
570
231
540
556
576
608
590
606
508
460
629
641
628
617
639
597
612
595
588
624
560
547
609
589
565
94
565
587
616
631
551
617
617
565
596
308
544
562
543
576
531
510
586
538
354
525
537
573
548
543
472
536
513
521
571
579
565
529
566
559
406
714
660
619
692
626
669
638
677
631
694
709
631
561
566
610
563
584
645
660
631
595
572
105
619
577
618
602
585
614
606
288
525
545
525
583
545
580
509
598
572
544
563
516
566
560
511
486
593
599
597
619
623
564
602
474
525
580
573
573
566
570
557
548
533
253
477
610
611
554
592
579
589
567
579
228
583
560
589
584
594
587
572
563
373
589
576
603
604
585
533
584
423
581
539
581
580
564
575
568
560
98
592
557
571
557
564
228
623
602
631
619
599
577
634
667
638
673
603
649
604
569
577
587
600
383
621
595
630
601
576
610
336
504
550
536
527
541
520
523
576
560
569
592
580
575
575
582
330
570
571
627
621
552
563
542
366
593
607
599
559
516
527
588
591
605
130
579
578
527
512
515
596
593
274
610
527
630
611
577
589
577
432
584
598
557
575
552
517
586
605
475
592
607
588
594
605
544
602
621
566
588
499
560
501
533
538
222
564
615
601
607
637
605
643
568
460
562
601
594
616
577
613
74
572
592
563
588
516
527
610
566
571
566
545
570
562
475
570
574
589
563
554
504
319
567
590
558
607
582
613
565
265
608
590
548
559
628
620
601
627
185
630
646
648
666
619
680
625
563
212
554
574
568
565
519
600
536
567
625
561
569
661
600
632
614
612
647
601
628
619
590
603
617
544
570
533
523
515
551
629
583
508
601
612
550
596
602
582
588
558
548
112
611
603
613
656
578
601
584
546
589
541
427
528
543
587
538
589
549
451
592
586
580
594
603
546
607
266
587
559
608
568
592
570
585
486
578
596
574
604
586
578
561
99
561
597
593
589
628
575
591
584
609
582
601
610
590
600
572
562
116
539
570
581
561
565
552
596
585
567
134
545
595
577
613
571
561
530
589
410
601
603
600
610
571
614
428
608
574
579
606
526
585
601
536
577
589
599
579
626
555
574
292
605
588
567
556
565
605
418
605
579
595
567
581
606
579
584
149
590
608
576
615
633
621
619
148
594
570
591
588
560
599
590
556
142
561
595
552
565
582
571
612
593
263
618
585
602
539
563
600
582
615
568
554
564
549
587
607
323
527
564
566
592
559
595
551
220
606
529
585
609
610
583
523
427
598
539
582
580
577
561
559
503
157
555
543
625
530
591
604
458
586
604
554
580
570
585
517
621
490
574
631
612
629
127
595
552
593
606
572
595
577
579
549
595
621
614
600
563
338
564
542
596
593
550
566
575
115
588
608
591
584
598
647
587
138
593
562
602
608
593
582
613
587
612
307
600
595
602
590
584
569
476
588
592
585
552
568
564
558
82
607
580
583
556
548
576
576
576
291
591
574
581
582
596
587
605
569
559
155
567
570
561
599
591
545
601
585
550
569
577
587
561
554
94
569
551
613
570
586
528
575
588
573
528
84
573
559
582
531
564
564
564
544
108
574
553
602
549
596
622
585
580
587
541
576
580
575
609
598
591
316
566
549
545
616
560
580
575
592
429
537
539
569
527
591
543
601
561
589
583
574
542
552
580
555
519
547
406
592
553
577
550
591
537
588
550
87
547
528
537
529
571
565
581
538
520
84
547
544
570
542
580
558
581
512
559
575
556
559
601
564
576
337
576
579
562
536
563
576
559
612
529
550
514
537
576
569
567
262
600
564
611
623
617
608
597
616
598
610
614
235
537
580
585
586
601
581
583
586
587
415
583
604
568
582
564
539
569
172
603
603
621
648
690
682
655
611
489
606
594
604
604
574
541
159
536
581
536
617
587
610
617
630
618
622
654
555
554
538
552
595
572
549
241
578
677
637
617
616
635
578
615
647
582
609
596
600
478
563
552
510
527
552
584
555
582
569
479
571
572
596
567
512
581
580
598
557
594
386
572
563
615
605
581
608
617
617
562
618
557
555
564
621
612
590
555
585
498
598
607
605
610
608
569
624
239
559
596
599
617
598
590
631
564
591
182
707
583
554
594
593
591
472
571
627
612
623
566
572
634
623
490
585
564
550
587
543
513
567
593
609
585
612
593
280
526
489
612
543
597
611
588
566
562
584
593
589
589
568
607
631
584
612
607
556
615
579
110
639
548
637
677
679
632
565
657
693
633
627
65
595
646
634
663
620
625
595
579
267
545
121
643
624
553
605
657
635
700
646
644
672
677
289
576
605
597
629
630
619
635
561
527
567
625
618
625
596
607
624
283
528
601
589
547
578
304
582
630
578
604
615
612
552
162
550
654
608
581
581
622
540
593
508
502
633
602
576
626
607
168
527
529
542
530
546
546
537
538
184
616
600
573
607
648
613
601
618
624
619
533
597
546
544
586
519
583
565
551
192
597
595
587
593
601
590
344
583
573
549
550
578
593
544
272
644
620
632
648
700
600
616
522
538
576
540
579
554
527
508
567
458
562
572
530
543
567
569
492
552
579
473
307
576
560
576
559
533
660
702
503
524
574
568
587
570
509
495
556
501
540
595
580
627
599
623
561
454
583
555
546
545
555
580
64
589
543
601
596
606
552
472
562
587
558
550
594
576
563
544
566
555
598
563
625
592
569
81
601
540
574
600
642
659
537
469
601
617
631
625
661
638
662
597
474
603
638
638
679
693
661
636
688
699
368
557
559
571
600
582
588
592
599
232
639
561
619
626
124
657
557
640
580
615
524
598
625
398
577
557
584
639
645
621
608
668
637
643
663
586
606
584
621
614
594
624
646
637
665
605
576
635
609
613
605
614
630
592
615
579
678
577
544
546
581
511
613
573
596
655
629
618
586
611
559
619
649
597
587
602
304
616
645
626
668
660
591
542
597
603
611
574
559
577
636
599
657
654
610
668
642
630
538
652
649
554
691
607
574
609
658
348
469
495
583
583
524
563
532
249
553
581
536
584
383
554
580
545
574
502
510
548
576
559
578
563
593
569
505
560
572
543
555
532
568
579
574
546
539
562
606
618
635
612
587
619
535
591
592
591
599
570
610
591
553
596
642
602
395
551
410
579
516
584
464
316
593
611
597
588
594
567
461
598
506
576
568
583
573
514
583
570
523
242
576
525
566
556
595
601
601
292
608
626
604
614
582
540
499
542
555
581
549
555
546
484
330
279
600
679
588
700
670
606
214
644
685
686
655
611
661
672
672
668
607
447
625
639
633
646
580
601
591
625
608
405
550
572
539
506
562
500
518
170
591
552
598
579
556
331
578
597
604
594
628
367
600
571
611
659
610
564
594
600
447
538
581
568
551
518
218
581
582
610
568
550
623
614
608
622
470
573
657
617
637
605
618
636
608
193
557
545
583
572
598
586
590
548
605
619
637
569
605
591
595
606
634
427
593
503
559
551
576
561
549
592
368
550
590
558
583
573
578
486
580
582
606
596
587
568
543
594
550
601
548
602
597
585
602
575
560
626
612
590
589
602
599
611
160
660
661
675
662
642
679
637
633
659
482
517
610
561
577
588
576
592
589
605
571
603
587
545
360
632
615
641
629
642
635
629
629
622
269
591
513
577
346
513
562
539
513
545
456
600
600
582
612
621
564
616
454
591
570
570
562
559
609
526
257
530
600
566
581
552
327
601
588
535
536
581
546
284
577
588
564
597
575
602
572
66
552
568
578
535
613
593
506
295
564
592
571
551
557
540
547
552
561
532
596
568
605
524
566
107
547
592
606
562
559
570
600
579
499
587
590
491
561
591
577
588
546
524
513
620
595
577
579
583
597
613
596
518
532
508
571
213
607
605
578
559
595
572
571
580
362
594
571
579
602
546
553
574
555
511
286
603
546
561
563
620
607
607
584
596
334
581
545
610
629
571
610
590
617
563
95
566
565
581
510
607
615
629
584
462
551
565
571
610
563
628
568
583
575
578
608
581
590
632
620
535
616
606
568
568
543
595
620
601
567
570
600
534
633
443
550
573
603
571
574
615
590
591
606
58
543
580
584
591
624
589
615
598
391
581
566
594
585
581
617
572
548
528
598
580
596
617
613
588
548
578
581
584
564
585
590
556
563
559
569
585
562
560
579
612
607
134
585
613
602
574
565
613
580
566
621
577
570
623
574
604
637
614
626
623
597
595
134
483
564
625
526
527