551, 71
597, 76
585, 57
589, 63
559, 53
553, 55
551, 72
584, 60
545, 74
545, 64
561, 53
527, 64
545, 82
577, 41
591, 40
569, 44
566, 37
524, 39
572, 41
532, 40
525, 56
572, 45
545, 39
586, 32
546, 54
463, 42
584, 46
542, 41
560, 43
515, 58
577, 32
576, 36
597, 36
583, 37
567, 37
569, 32
589, 37
572, 35
569, 32
577, 33
612, 55
647, 47
637, 46
681, 43
663, 38
664, 46
652, 46
667, 51
549, 45
595, 40
568, 39
576, 38
560, 41
611, 37
588, 38
595, 40
584, 66
627, 52
588, 51
578, 49
628, 51
681, 57
601, 46
622, 50
618, 50
452, 52
559, 38
582, 43
595, 36
597, 43
594, 41
562, 42
560, 39
597, 41
581, 50
565, 42
541, 42
550, 46
519, 48
563, 45
529, 45
536, 48
577, 59
567, 63
589, 59
583, 66
653, 56
645, 71
690, 72
659, 73
672, 61
595, 52
683, 68
615, 54
591, 45
574, 42
576, 48
629, 49
599, 47
597, 44
565, 33
534, 36
574, 38
557, 38
582, 41
571, 36
570, 54
561, 53
550, 46
545, 50
571, 55
580, 49
542, 45
530, 49
614, 46
664, 46
632, 50
622, 50
574, 50
436, 51
649, 52
577, 55
569, 55
608, 54
614, 54
602, 49
658, 48
655, 48
674, 52
678, 47
685, 33
596, 37
530, 38
584, 34
600, 33
611, 38
527, 36
563, 32
541, 37
632, 42
481, 27
518, 55
600, 55
576, 53
649, 47
619, 64
577, 56
621, 48
618, 52
656, 42
659, 55
700, 34
529, 46
519, 40
581, 44
610, 39
580, 43
551, 41
609, 45
591, 48
579, 40
636, 39
563, 36
598, 40
545, 38
539, 31
583, 43
351, 28
575, 39
573, 40
593, 39
622, 41
644, 38
588, 39
609, 37
591, 46
599, 44
620, 44
598, 48
650, 43
602, 42
633, 46
690, 37
551, 38
585, 43
589, 39
677, 41
501, 43
569, 30
591, 32
598, 34
607, 35
585, 33
603, 34
541, 35
594, 35
595, 46
602, 40
614, 42
615, 41
600, 39
608, 39
585, 39
611, 44
441, 41
587, 33
600, 41
583, 42
615, 38
600, 37
596, 35
589, 36
613, 33
538, 32
576, 39
522, 36
533, 35
559, 32
570, 39
555, 33
364, 42
609, 26
574, 25
574, 28
595, 29
574, 25
569, 29
564, 24
585, 25
513, 44
593, 48
522, 40
580, 49
586, 51
620, 53
586, 59
611, 44
557, 41
599, 36
561, 45
604, 27
542, 44
570, 41
548, 40
610, 43
607, 35
609, 43
590, 39
537, 39
430, 35
590, 32
602, 30
555, 31
586, 37
604, 39
569, 33
581, 33
348, 38
604, 40
627, 38
615, 41
614, 36
601, 41
569, 35
583, 29
567, 28
600, 30
570, 24
575, 36
537, 27
576, 27
603, 31
593, 32
589, 31
614, 39
616, 34
586, 38
590, 42
634, 31
621, 40
585, 36
589, 32
566, 45
615, 54
568, 44
606, 54
607, 41
593, 52
569, 51
566, 31
596, 36
588, 27
597, 36
578, 35
600, 36
583, 34
619, 56
607, 57
619, 57
638, 52
592, 34
669, 56
574, 50
589, 53
630, 56
608, 49
595, 33
587, 47
620, 57
614, 36
616, 48
595, 53
630, 49
631, 61
561, 45
609, 38
595, 38
602, 32
603, 44
600, 43
599, 46
577, 29
527, 43
582, 39
359, 49
593, 56
595, 38
598, 44
602, 35
581, 43
598, 45
585, 30
614, 37
591, 35
573, 33
580, 36
578, 33
581, 45
640, 36
561, 47
616, 41
645, 42
585, 40
670, 46
623, 46
552, 36
633, 53
386, 37
568, 47
551, 40
491, 36
574, 42
573, 41
579, 36
581, 25
556, 29
564, 35
586, 27
587, 40
577, 41
511, 41
504, 33
522, 49
521, 39
531, 43
543, 45
537, 42
551, 29
538, 41
597, 35
599, 40
604, 37
594, 38
580, 40
580, 41
567, 36
455, 42
570, 49
593, 37
597, 28
612, 42
567, 41
565, 41
594, 28
597, 37
601, 37
566, 43
594, 39
561, 50
619, 38
656, 46
685, 34
619, 40
667, 55
634, 28
646, 47
528, 45
513, 51
563, 31
588, 35
571, 33
563, 35
553, 32
575, 33
642, 57
612, 51
599, 62
647, 48
618, 46
602, 61
636, 52
605, 52
559, 71
619, 67
646, 48
613, 57
617, 53
605, 53
599, 47
600, 65
613, 69
596, 65
439, 62
636, 30
592, 39
612, 50
643, 50
607, 47
610, 50
656, 52
605, 45
577, 45
606, 48
619, 44
612, 45
431, 46
551, 48
599, 52
546, 59
574, 70
605, 60
586, 60
593, 69
614, 43
588, 41
564, 44
605, 37
575, 37
605, 45
587, 52
576, 42
617, 65
551, 59
598, 59
571, 45
608, 70
600, 57
620, 70
621, 64
588, 57
525, 72
573, 44
657, 46
617, 42
637, 43
605, 41
618, 53
636, 41
608, 50
601, 46
548, 42
602, 40
597, 38
585, 41
602, 42
575, 42
560, 34
550, 35
590, 30
558, 35
583, 31
573, 36
578, 36
486, 32
632, 36
615, 40
641, 42
629, 45
642, 41
635, 44
629, 40
629, 47
622, 46
517, 47
610, 29
561, 37
577, 37
588, 34
576, 35
592, 41
626, 34
612, 45
590, 41
589, 37
602, 47
599, 27
611, 47
581, 55
582, 45
610, 43
568, 45
550, 35
623, 44
614, 47
608, 50
622, 55
470, 47
557, 59
545, 42
583, 43
572, 35
598, 41
586, 48
590, 52
548, 63
605, 38
619, 33
637, 45
591, 44
513, 45
577, 26
346, 24
569, 42
605, 47
591, 51
595, 34
606, 48
634, 46
427, 46
589, 30
605, 31
571, 39
603, 34
587, 37
545, 38
360, 30
660, 62
661, 66
675, 74
662, 59
642, 73
679, 64
637, 82
633, 61
659, 64
482, 59
593, 38
503, 48
559, 46
551, 45
576, 51
561, 58
549, 47
592, 55
368, 40
572, 51
554, 43
564, 42
556, 37
602, 42
637, 40
687, 53
665, 51
665, 42
729, 55
682, 54
661, 52
690, 51
658, 51
708, 53
728, 49
720, 29
683, 39
647, 38
724, 50
754, 54
599, 53
556, 43
622, 38
592, 41
585, 41
581, 40
600, 41
638, 29
398, 40
624, 39
598, 41
589, 37
638, 37
549, 34
631, 28
663, 43
611, 43
655, 56
685, 50
681, 55
677, 45
637, 53
682, 46
561, 42
536, 40
613, 36
610, 37
628, 29
602, 38
567, 38
616, 34
605, 40
577, 36
566, 38
534, 43
576, 44
575, 38
618, 38
601, 39
637, 39
581, 38
599, 43
628, 39
585, 43
558, 50
613, 49
603, 48
612, 44
583, 44
616, 35
589, 48
589, 44
493, 41
585, 45
639, 44
580, 51
656, 38
622, 43
598, 43
623, 43
566, 45
643, 56
642, 51
662, 47
630, 51
691, 49
717, 53
650, 43
632, 52
526, 53
588, 46
611, 42
607, 41
552, 43
581, 44
603, 42
591, 31
424, 36
591, 50
572, 52
619, 43
614, 38
585, 38
569, 36
554, 42
524, 39
552, 49
595, 44
583, 43
577, 44
553, 38
598, 42
601, 46
574, 46
586, 43
561, 31
612, 43
587, 36
615, 39
623, 25
615, 38
589, 37
348, 43
608, 46
626, 48
638, 46
603, 45
715, 42
695, 46
653, 48
702, 59
660, 49
574, 54
562, 44
596, 49
654, 53
649, 40
665, 54
657, 45
633, 44
686, 54
649, 53
636, 56
587, 42
595, 45
572, 41
530, 33
641, 36
639, 46
604, 37
588, 43
602, 37
569, 45
614, 37
581, 37
589, 39
591, 37
550, 33
576, 39
614, 38
553, 40
690, 53
669, 53
683, 43
721, 39
703, 47
730, 51
663, 49
597, 46
546, 40
570, 37
584, 36
600, 35
586, 39
557, 39
613, 36
414, 35
600, 44
571, 41
567, 44
606, 48
566, 48
590, 46
615, 48
637, 45
589, 35
527, 45
552, 44
584, 44
599, 44
584, 37
487, 30
548, 41
559, 41
718, 46
711, 51
732, 46
705, 37
723, 40
675, 39
701, 57
622, 41
611, 47
613, 44
662, 47
599, 43
574, 45
593, 42
610, 47
601, 47
582, 41
625, 40
546, 39
617, 34
607, 40
611, 35
603, 43
608, 44
615, 43
576, 41
589, 35
550, 39
582, 41
535, 25
621, 33
602, 35
543, 36
636, 50
617, 43
521, 52
548, 42
599, 38
549, 46
573, 41
554, 41
608, 40
506, 48
566, 33
558, 38
552, 38
555, 37
532, 37
542, 31
623, 36
655, 40
631, 36
598, 25
684, 55
677, 59
639, 60
640, 56
675, 44
668, 54
671, 42
464, 39
581, 35
627, 47
566, 45
577, 32
634, 32
617, 39
622, 35
557, 37
507, 34
569, 39
605, 38
576, 40
599, 39
567, 35
571, 35
630, 36
558, 39
627, 41
496, 41
645, 45
600, 54
637, 48
633, 36
679, 42
697, 49
693, 44
651, 51
363, 40
695, 45
683, 44
707, 53
718, 53
679, 51
699, 47
663, 46
598, 43
583, 38
618, 40
599, 35
613, 44
582, 34
612, 33
626, 40
605, 45
646, 42
552, 42
600, 45
586, 43
563, 45
594, 44
600, 41
587, 46
617, 43
347, 43
541, 42
581, 38
576, 40
566, 30
597, 44
608, 37
554, 41
598, 42
610, 41
502, 42
543, 39
559, 37
547, 31
531, 41
615, 37
551, 33
586, 30
582, 36
680, 57
712, 52
657, 50
702, 53
643, 59
692, 48
697, 53
663, 51
506, 55
605, 55
633, 50
650, 54
609, 45
634, 52
635, 36
602, 50
628, 48
627, 52
627, 39
514, 46
621, 41
578, 43
640, 38
558, 42
563, 39
593, 43
653, 40
597, 39
586, 40
564, 36
567, 42
617, 40
600, 43
526, 39
605, 43
611, 39
614, 35
593, 49
625, 52
651, 54
639, 51
605, 51
665, 52
612, 40
648, 50
662, 51
658, 54
612, 40
592, 42
583, 36
529, 37
609, 40
608, 40
565, 34
578, 43
561, 44
622, 42
610, 39
582, 39
667, 47
592, 43
554, 46
364, 45
622, 55
643, 58
658, 53
676, 52
672, 39
637, 39
683, 40
633, 50
689, 50
596, 56
610, 35
602, 38
556, 35
609, 39
550, 39
579, 35
597, 36
663, 40
409, 35
612, 54
643, 45
663, 53
660, 52
638, 48
591, 34
672, 53
679, 48
566, 36
562, 28
595, 40
536, 34
587, 39
516, 26
613, 35
504, 34
360, 39
594, 41
576, 40
594, 43
530, 31
610, 38
616, 40
599, 30
523, 40
563, 40
583, 40
572, 39
606, 39
543, 39
621, 39
530, 40
604, 31
575, 41
574, 31
409, 43
659, 49
673, 41
690, 58
628, 45
633, 38
691, 49
703, 52
618, 39
597, 41
572, 42
598, 40
577, 40
608, 38
590, 37
622, 39
684, 55
681, 55
658, 58
702, 52
727, 38
703, 33
649, 59
655, 50
660, 55
644, 46
693, 52
699, 51
658, 48
666, 54
714, 42
680, 53
527, 47
556, 39
489, 40
533, 41
610, 42
568, 35
615, 37
613, 33
552, 34
538, 33
587, 44
635, 38
585, 44
614, 42
624, 54
570, 45
608, 42
657, 45
609, 54
535, 48
604, 41
627, 43
644, 46
623, 41
641, 46
614, 44
588, 44
634, 52
647, 51
685, 50
668, 54
660, 42
674, 58
683, 56
469, 50
570, 42
633, 50
578, 45
534, 37
612, 42
560, 39
606, 46
419, 38
547, 31
561, 30
517, 26
547, 28
561, 29
494, 27
566, 31
577, 42
525, 42
536, 33
561, 44
583, 41
567, 44
601, 41
542, 40
567, 40
549, 39
553, 42
591, 68
593, 34
548, 33
593, 31
583, 38
554, 32
607, 37
581, 33
575, 35
359, 29
567, 58
614, 56
581, 63
631, 47
593, 49
608, 49
547, 32
523, 36
604, 35
566, 37
562, 40
576, 34
587, 32
604, 38
597, 31
596, 36
386, 39
558, 26
514, 24
585, 33
565, 29
508, 32
527, 23
577, 27
510, 38
589, 27
362, 29
564, 28
579, 31
506, 28
526, 29
558, 31
560, 31
563, 31
462, 33
546, 41
578, 40
576, 40
588, 43
570, 37
523, 38
537, 32
592, 38
523, 41
527, 42
516, 42
557, 30
574, 40
544, 38
554, 40
591, 43
567, 38
488, 46
580, 38
582, 36
587, 43
549, 37
585, 39
600, 40
545, 39
541, 37
565, 38
542, 44
494, 41
589, 36
435, 39
574, 31
515, 36
586, 40
552, 39
599, 36
587, 31
590, 37
562, 37
397, 28
578, 40
568, 43
535, 46
585, 47
599, 50
575, 52
549, 47
426, 51
558, 32
585, 32
529, 23
598, 25
614, 28
600, 30
552, 41
581, 43
573, 37
529, 45
555, 39
596, 39
533, 42
515, 41
541, 33
556, 33
550, 26
566, 32
562, 29
538, 31
578, 33
581, 30
538, 35
541, 32
559, 31
492, 38
587, 36
584, 45
491, 32
543, 39
558, 40
568, 39
550, 31
562, 42
404, 41
562, 38
561, 34
565, 32
559, 26
513, 35
578, 35
540, 32
566, 37
543, 32
590, 37
546, 40
553, 29
565, 31
592, 29
571, 31
555, 34
556, 29
576, 31
494, 27
561, 30
563, 32
523, 27
626, 44
637, 42
571, 49
631, 31
644, 46
616, 52
565, 34
581, 34
602, 48
633, 41
653, 39
670, 42
613, 33
676, 41
603, 46
607, 39
570, 41
570, 49
561, 29
604, 44
599, 48
621, 37
611, 53
623, 69
612, 56
632, 46
643, 53
573, 54
603, 48
519, 45
541, 41
573, 60
598, 47
593, 65
567, 56
595, 54
625, 58
619, 56
453, 53
575, 26
601, 29
585, 29
633, 32
621, 31
569, 54
593, 63
591, 46
597, 57
613, 68
638, 55
615, 49
577, 36
339, 66
611, 49
591, 37
611, 48
619, 49
547, 45
542, 42
545, 42
591, 35
581, 39
480, 37
538, 54
561, 50
589, 50
573, 50
561, 42
560, 46
630, 46
591, 51
589, 50
593, 39
604, 31
627, 34
573, 33
586, 36
573, 28
565, 38
531, 27
594, 31
544, 37
559, 35
551, 33
542, 41
549, 41
592, 42
575, 38
575, 40
536, 46
584, 43
562, 32
589, 42
574, 51
608, 36
652, 56
642, 38
581, 30
600, 40
544, 58
572, 60
567, 55
625, 59
628, 55
668, 61
630, 52
601, 55
544, 42
592, 56
582, 52
577, 55
598, 52
594, 39
584, 48
609, 48
525, 46
580, 46
604, 57
602, 38
620, 47
622, 43
587, 54
630, 47
603, 46
623, 45
633, 47
605, 50
681, 62
624, 61
634, 58
567, 59
622, 59
629, 59
641, 60
576, 67
597, 41
614, 31
600, 31
640, 35
614, 28
664, 37
617, 34
653, 33
569, 23
591, 25
602, 29
613, 30
562, 27
576, 28
588, 25
437, 22
606, 39
594, 44
632, 43
628, 29
584, 39
612, 43
600, 44
395, 39
547, 48
585, 43
609, 43
609, 47
625, 49
594, 43
598, 31
611, 47
491, 46
534, 28
475, 41
573, 27
563, 20
574, 26
593, 23
594, 30
473, 35
553, 44
560, 44
609, 38
602, 45
568, 38
562, 46
607, 45
600, 44
403, 33
597, 28
606, 25
582, 29
591, 24
599, 26
614, 27
534, 21
616, 24
601, 22
611, 22
410, 22
595, 23
596, 27
592, 32
585, 24
610, 24
400, 39
588, 23
552, 23
598, 21
577, 26
628, 26
623, 24
613, 43
550, 52
612, 37
637, 47
534, 42
612, 43
456, 32
628, 56
549, 45
589, 57
587, 67
601, 63
609, 65
608, 61
598, 66
619, 66
565, 65
521, 62
624, 55
534, 66
543, 59
554, 57
572, 60
546, 52
556, 55
561, 60
543, 69
520, 56
521, 50
532, 50
546, 47
528, 52
549, 50
361, 52
554, 30
617, 35
662, 35
628, 24
610, 32
618, 30
684, 29
670, 39
611, 28
614, 40
582, 44
637, 44
643, 40
624, 49
668, 49
566, 50
452, 52
531, 39
561, 38
660, 26
628, 30
534, 25
629, 33
621, 34
653, 24
605, 43
559, 44
600, 54
613, 59
629, 56
570, 33
505, 39
616, 48
588, 36
579, 48
569, 38
544, 37
522, 33
640, 30
604, 33
625, 39
621, 30
616, 32
631, 38
612, 37
668, 39
564, 32
583, 38
629, 61
590, 59
553, 58
599, 64
600, 58
626, 64
611, 61
544, 63
560, 44
516, 64
508, 40
549, 46
610, 57
597, 45
598, 45
533, 52
511, 47
470, 39
598, 45
570, 37
572, 30
563, 34
578, 31
583, 33
593, 38
564, 35
588, 30
554, 31
631, 26
607, 25
587, 30
551, 30
641, 27
627, 28
656, 23
595, 27
596, 28
599, 30
613, 32
624, 22
626, 31
643, 30
570, 25
604, 22
606, 33
629, 22
594, 23
555, 53
528, 69
566, 62
537, 53
542, 59
524, 55
486, 41
437, 57
545, 26
600, 33
605, 34
610, 32
578, 32
609, 36
614, 41
458, 37
605, 25
623, 24
616, 26
613, 26
660, 27
594, 26
581, 26
585, 26
561, 35
693, 26
585, 20
619, 31
641, 29
677, 27
596, 26
717, 25
612, 35
658, 33
617, 35
535, 23
598, 47
595, 56
538, 52
600, 48
614, 55
611, 55
560, 29
572, 49
608, 39
612, 47
580, 46
662, 52
680, 51
672, 57
663, 52
646, 39
633, 45
658, 48
624, 45
644, 55
587, 32
602, 29
594, 29
655, 35
660, 33
636, 29
666, 29
673, 26
580, 32
505, 53
460, 29
519, 49
501, 51
514, 48
505, 31
492, 46
646, 36
613, 35
636, 32
623, 32
623, 35
667, 35
665, 34
652, 34
656, 27
649, 31
675, 36
599, 56
611, 57
612, 44
613, 43
625, 53
629, 48
620, 46
651, 45
592, 48
611, 26
664, 29
645, 27
677, 30
684, 32
605, 25
637, 30
624, 27
655, 26
621, 27
559, 29
564, 31
600, 29
585, 43
538, 38
574, 43
538, 43
544, 30
362, 31
561, 50
613, 44
589, 36
573, 54
563, 34
513, 47
521, 64
575, 65
532, 67
588, 37
608, 34
672, 31
689, 38
663, 30
669, 31
629, 36
652, 37
645, 26
693, 35
546, 40
636, 67
677, 71
657, 57
637, 73
643, 71
589, 67
672, 73
675, 57
628, 101
638, 68
530, 35
566, 33
560, 31
560, 35
587, 34
552, 34
601, 35
580, 38
663, 33
621, 27
621, 26
631, 29
651, 27
690, 38
691, 32
643, 39
626, 30
648, 36
709, 31
587, 33
570, 27
557, 38
574, 37
553, 29
597, 35
584, 37
556, 36
555, 38
675, 23
642, 30
622, 33
601, 29
666, 27
596, 30
656, 28
610, 21
661, 29
415, 26
646, 23
612, 28
647, 28
712, 29
705, 28
630, 32
625, 30
650, 31
689, 25
698, 24
410, 22
562, 71
505, 62
579, 62
561, 55
547, 46
576, 58
511, 46
520, 54
583, 59
592, 67
610, 27
608, 26
574, 30
663, 32
595, 31
621, 24
636, 65
610, 27
608, 26
659, 26
484, 30
638, 68
553, 57
614, 62
652, 65
664, 56
650, 65
638, 60
647, 55
654, 41
695, 57
588, 58
624, 31
635, 29
641, 32
630, 29
594, 22
616, 27
611, 30
623, 27
533, 64
590, 43
587, 55
578, 61
566, 59
620, 68
525, 39
616, 56
604, 54
576, 66
626, 26
605, 28
642, 21
659, 25
650, 34
597, 32
656, 34
623, 32
609, 27
589, 31
614, 27
609, 24
595, 24
606, 30
599, 30
658, 27
581, 31
641, 25
652, 30
645, 25
596, 46
567, 42
518, 41
498, 42
550, 54
554, 46
556, 45
550, 53
570, 50
409, 55
657, 63
635, 51
698, 51
607, 53
653, 72
616, 59
665, 57
640, 64
659, 56
674, 40
498, 33
509, 29
566, 36
571, 37
573, 45
575, 30
574, 43
554, 45
447, 41
558, 51
611, 57
613, 59
633, 65
588, 59
619, 63
613, 65
625, 61
658, 67
488, 66
539, 28
633, 32
591, 30
603, 34
596, 33
626, 29
632, 28
623, 29
545, 33
565, 41
549, 49
586, 49
615, 49
545, 47
548, 42
545, 45
555, 43
629, 27
543, 30
615, 33
641, 27
640, 32
611, 24
596, 30
515, 29
613, 23
537, 30
589, 29
599, 27
583, 32
588, 26
575, 32
590, 26
667, 24
630, 29
551, 26
564, 23
603, 47
596, 42
582, 43
584, 24
616, 38
624, 48
625, 42
641, 43
617, 39
659, 42
553, 51
641, 34
606, 58
608, 49
601, 49
656, 48
584, 54
666, 61
566, 57
533, 68
560, 65
584, 58
612, 65
564, 64
639, 64
681, 61
624, 61
531, 65
625, 31
669, 22
644, 26
679, 31
656, 30
570, 30
645, 26
639, 31
652, 37
406, 25
626, 63
572, 33
602, 53
549, 54
607, 63
654, 55
673, 67
656, 56
643, 49
395, 55
544, 61
564, 57
579, 54
536, 57
606, 61
501, 57
587, 66
563, 56
527, 40
599, 32
591, 35
541, 30
606, 35
649, 36
609, 35
595, 33
606, 38
615, 32
673, 33
596, 37
609, 32
566, 37
600, 35
575, 38
575, 36
554, 36
588, 38
530, 42
532, 41
536, 44
596, 42
541, 39
535, 42
455, 41
535, 41
561, 28
587, 23
581, 20
610, 29
615, 30
615, 24
626, 25
664, 31
515, 21
570, 25
630, 30
636, 28
663, 29
665, 30
667, 30
615, 26
621, 24
632, 32
532, 21
509, 31
569, 37
558, 35
508, 37
501, 39
615, 41
630, 41
606, 36
599, 40
592, 36
578, 61
546, 63
575, 60
595, 54
537, 54
546, 64
596, 55
549, 64
581, 49
640, 32
608, 31
615, 36
624, 28
595, 32
661, 25
660, 32
638, 25
655, 29
640, 30
623, 32
604, 23
590, 26
595, 30
662, 33
593, 28
642, 32
629, 39
592, 29
696, 38
671, 33
690, 27
629, 40
661, 34
646, 37
652, 28
588, 36
575, 26
573, 29
616, 25
617, 31
673, 30
587, 25
645, 31
597, 24
626, 27
614, 37
585, 31
556, 25
621, 37
609, 41
633, 35
578, 33
659, 38
605, 33
569, 33
516, 33
536, 30
575, 27
576, 27
623, 33
599, 34
438, 31
573, 35
587, 38
549, 40
599, 35
557, 46
542, 41
569, 39
552, 42
575, 41
610, 27
565, 26
597, 43
617, 46
602, 38
625, 37
523, 36
638, 39
614, 42
531, 42
617, 45
584, 41
485, 36
558, 27
586, 30
567, 41
561, 38
556, 34
471, 42
541, 35
556, 35
558, 27
599, 29
613, 33
630, 32
608, 33
591, 28
568, 40
625, 38
647, 39
550, 36
630, 29
577, 30
636, 33
608, 35
593, 34
583, 31
628, 35
522, 25
598, 39
576, 39
582, 35
595, 39
598, 39
611, 34
549, 38
515, 35
596, 40
535, 32
604, 27
604, 34
600, 43
611, 43
575, 31
605, 41
416, 32
596, 36
621, 30
622, 35
600, 35
580, 41
565, 41
537, 41
610, 46
599, 36
621, 40
638, 38
653, 33
610, 45
559, 39
623, 41
552, 37
590, 36
578, 33
588, 32
624, 28
584, 36
610, 35
597, 36
353, 29
617, 33
603, 31
607, 26
605, 25
530, 28
615, 24
509, 28
626, 26
590, 26
534, 29
608, 23
575, 23
654, 22
542, 23
623, 25
622, 22
586, 24
588, 29
604, 24
585, 38
557, 41
592, 49
594, 37
623, 40
580, 42
633, 45
613, 39
578, 37
637, 40
564, 43
534, 40
604, 43
609, 42
553, 44
633, 50
627, 48
493, 43
595, 42
607, 35
567, 44
585, 44
603, 44
587, 48
601, 46
543, 36
396, 37
575, 31
574, 27
587, 36
583, 32
515, 35
531, 31
573, 41
599, 28
602, 34
475, 40
608, 23
610, 20
637, 29
625, 25
651, 30
553, 29
631, 26
567, 31
569, 49
575, 43
623, 53
618, 44
550, 48
512, 52
572, 55
653, 58
600, 47
658, 52
679, 39
568, 31
549, 31
622, 27
635, 31
556, 38
583, 22
561, 30
594, 30
597, 31
452, 34
600, 60
538, 51
576, 51
625, 64
612, 57
663, 61
644, 63
628, 68
615, 63
568, 43
609, 47
571, 45
558, 49
587, 52
601, 59
621, 64
615, 60
572, 38
580, 38
580, 34
538, 43
546, 37
608, 42
604, 43
525, 40
583, 40
603, 36
584, 33
579, 52
608, 66
560, 55
608, 66
581, 64
624, 56
591, 62
628, 63
582, 54
576, 23
585, 26
592, 21
555, 20
641, 23
601, 22
617, 22
631, 27
605, 27
635, 20
558, 41
652, 34
632, 39
581, 44
597, 37
653, 39
654, 33
458, 28
607, 46
674, 54
620, 41
609, 82
574, 61
651, 71
642, 59
700, 80
681, 49
637, 79
470, 51
622, 37
668, 34
642, 45
643, 42
638, 40
616, 40
594, 39
618, 37
406, 39
616, 28
626, 34
543, 21
566, 53
566, 47
589, 52
542, 55
572, 47
537, 59
578, 46
525, 31
577, 51
533, 38
467, 46
579, 60
583, 55
636, 53
672, 47
630, 53
591, 44
646, 53
599, 48
580, 34
577, 33
556, 17
555, 33
643, 39
589, 38
615, 36
525, 37
584, 51
462, 19
616, 33
598, 31
639, 29
615, 52
663, 25
617, 35
637, 32
583, 30
539, 31
619, 70
615, 72
586, 65
632, 63
590, 73
635, 72
515, 93
652, 33
618, 30
627, 31
639, 26
622, 37
646, 28
620, 35
573, 29
605, 32
586, 28
619, 27
573, 30
392, 28
608, 33
580, 60
600, 61
621, 53
530, 38
615, 49
645, 51
620, 36
612, 34
617, 38
566, 34
609, 34
500, 33
491, 34
557, 23
601, 38
583, 48
545, 52
559, 54
514, 48
582, 48
472, 61
586, 50
516, 63
569, 51
581, 49
511, 54
611, 53
599, 57
605, 54
643, 57
579, 56
505, 54
641, 80
587, 85
625, 76
620, 63
620, 67
628, 68
594, 83
537, 61
592, 64
577, 46
557, 48
549, 52
592, 57
563, 59
576, 57
589, 49
452, 55
582, 47
546, 47
571, 43
587, 42
569, 52
604, 47
479, 27
523, 50
512, 44
606, 54
600, 54
596, 51
590, 59
588, 56
605, 51
557, 71
594, 70
624, 71
634, 96
616, 69
635, 67
562, 37
608, 36
573, 37
599, 34
589, 38
569, 34
602, 37
547, 29
530, 34
589, 35
551, 28
565, 33
565, 40
604, 35
552, 36
521, 35
559, 31
370, 35
571, 41
591, 41
575, 43
543, 47
565, 46
482, 45
675, 59
661, 55
641, 59
655, 53
646, 53
645, 58
674, 48
413, 55
595, 33
632, 31
618, 32
635, 28
605, 28
574, 32
647, 33
606, 29
568, 37
555, 41
596, 36
613, 35
577, 33
380, 28
614, 57
535, 44
640, 76
666, 42
612, 61
649, 54
662, 58
658, 54
689, 55
569, 41
569, 39
586, 26
564, 44
565, 44
570, 40
583, 38
587, 47
535, 44
576, 43
567, 44
584, 44
603, 44
560, 40
588, 41
590, 41
394, 39
561, 52
619, 52
592, 61
539, 54
644, 38
635, 54
621, 54
686, 62
641, 55
581, 45
572, 44
571, 38
599, 41
602, 46
593, 44
541, 45
534, 33
547, 29
551, 26
545, 30
506, 30
576, 27
461, 30
585, 36
604, 33
583, 36
574, 38
571, 44
603, 39
613, 67
610, 71
602, 76
625, 80
617, 62
627, 62
641, 68
550, 54
592, 55
570, 54
589, 57
467, 62
554, 52
556, 63
568, 27
593, 32
583, 22
576, 30
571, 33
603, 29
619, 26
608, 22
598, 29
595, 29
613, 34
615, 26
587, 32
553, 21
548, 25
412, 22
531, 61
580, 47
595, 43
557, 43
584, 48
593, 64
576, 31
576, 56
598, 52
607, 48
595, 35
596, 86
614, 51
563, 43
555, 30
540, 43
596, 34
571, 31
599, 40
596, 36
550, 27
443, 29
608, 29
593, 30
618, 33
590, 28
629, 27
582, 23
569, 24
550, 32
546, 27
537, 25
535, 26
620, 20
573, 53
529, 57
579, 44
606, 57
564, 55
514, 40
369, 58
519, 37
602, 36
450, 32
588, 66
600, 50
597, 43
583, 45
612, 49
589, 47
429, 43
602, 51
616, 55
645, 53
623, 60
597, 54
573, 56
614, 47
590, 56
544, 56
605, 52
546, 53
555, 51
544, 56
507, 42
541, 56
561, 46
575, 48
615, 33
626, 30
620, 28
621, 30
625, 32
611, 27
614, 50
603, 48
589, 46
609, 47
607, 40
557, 47
598, 42
644, 50
657, 61
660, 59
584, 41
644, 55
661, 48
604, 36
470, 55
579, 39
598, 52
595, 65
600, 50
577, 61
468, 52
615, 40
642, 44
628, 51
601, 44
589, 56
575, 53
362, 55
563, 36
560, 22
543, 36
574, 35
572, 38
570, 36
560, 41
642, 32
614, 24
574, 30
559, 26
598, 25
572, 25
600, 19
539, 21
598, 22
585, 24
617, 23
565, 27
600, 27
564, 28
631, 27
586, 26
643, 30
498, 21
583, 30
585, 25
601, 28
630, 26
657, 24
582, 30
682, 26
583, 22
622, 26
598, 26
641, 20
630, 24
623, 28
651, 24
606, 23
577, 21
594, 20
609, 23
634, 29
569, 23
606, 21
590, 35
606, 26
608, 23
585, 25
618, 26
563, 27
611, 21
604, 26
561, 29
598, 30
640, 24
604, 23
638, 27
630, 28
659, 29
668, 17
627, 31
632, 31
641, 26
609, 25
621, 26
613, 29
523, 30
560, 25
647, 26
593, 24
513, 19
634, 21
606, 23
576, 22
592, 27
628, 20
578, 19
608, 25
559, 23
635, 26
634, 24
588, 26
618, 27
524, 24
611, 31
524, 25
610, 23
632, 25
542, 20
578, 21
624, 28
609, 21
635, 24
628, 23
623, 32
622, 24
645, 27
638, 27
579, 29
597, 28
605, 28
571, 25
648, 24
593, 23
587, 20
631, 22
562, 33
597, 26
595, 28
639, 28
591, 21
611, 28
614, 27
610, 23
628, 26
586, 27
633, 30
619, 27
605, 27
602, 27
605, 32
558, 27
583, 24
636, 27
617, 28
623, 27
588, 24
616, 21
575, 29
639, 21
636, 23
523, 20
582, 23
623, 23
592, 19
524, 24
629, 25
551, 31
583, 19
551, 31
595, 27
613, 19
616, 20
621, 29
609, 25
534, 25
571, 22
560, 26
611, 29
603, 27
601, 24
622, 24
627, 26
582, 25
600, 27
634, 30
639, 29
619, 26
592, 24
605, 26
641, 23
631, 30
595, 23
618, 25
636, 28
691, 31
630, 30
657, 24
584, 25
577, 24
617, 24
554, 24
421, 21
561, 24
618, 24
616, 26
598, 26
636, 37
567, 24
605, 28
612, 30
634, 27
626, 22
643, 29
639, 25
635, 20
640, 25
633, 24
607, 24
577, 26
548, 26
640, 29
622, 27
366, 26
575, 21
622, 25
692, 29
584, 21
630, 27
627, 22
589, 22
561, 27
669, 34
579, 28
611, 26
649, 29
607, 29
622, 26
617, 20
583, 63
595, 28
604, 27
585, 26
403, 26
573, 22
626, 27
604, 19
593, 24
626, 25
618, 22
605, 20
540, 29
583, 33
580, 36
639, 35
565, 36
632, 40
642, 33
647, 23
677, 43
691, 43
508, 42
584, 28
555, 28
627, 23
636, 23
529, 32
610, 22
553, 26
386, 22
590, 25
541, 22
590, 25
598, 26
616, 20
648, 27
640, 28
584, 24
595, 23
530, 23
612, 22
534, 53
524, 54
560, 45
534, 47
536, 55
557, 54
593, 59
588, 32
593, 56
484, 60
575, 28
533, 31
597, 26
588, 35
562, 31
606, 32
620, 29
586, 32
397, 30
611, 46
615, 45
602, 48
623, 44
605, 45
593, 46
569, 34
603, 33
594, 35
621, 29
594, 30
576, 32
613, 36
581, 36
615, 42
619, 36
607, 41
625, 35
617, 34
604, 42
619, 39
526, 31
624, 38
585, 34
629, 42
614, 36
638, 42
608, 34
623, 37
625, 36
544, 30
547, 26
568, 27
548, 27
534, 30
590, 22
556, 28
568, 29
531, 31
608, 46
636, 41
638, 50
573, 30
604, 47
580, 42
548, 44
543, 42
565, 44
602, 26
557, 52
598, 30
610, 52
550, 40
568, 48
532, 41
458, 63
582, 35
546, 32
584, 35
540, 34
610, 37
590, 40
597, 33
594, 31
577, 37
591, 33
580, 38
569, 51
566, 43
579, 47
581, 46
589, 47
564, 39
535, 41
350, 46
537, 27
575, 30
531, 30
573, 28
561, 29
535, 28
650, 60
598, 68
606, 49
561, 63
585, 63
577, 68
600, 70
588, 74
554, 78
645, 80
664, 87
649, 69
693, 70
668, 61
711, 78
674, 66
623, 61
655, 41
618, 33
628, 33
666, 42
643, 37
648, 44
655, 49
621, 60
614, 44
623, 40
565, 45
597, 62
637, 51
640, 59
632, 52
583, 49
657, 56
613, 26
597, 40
589, 31
593, 34
581, 33
617, 34
609, 27
570, 28
623, 36
565, 30
565, 28
604, 22
588, 37
628, 32
584, 33
634, 45
558, 32
582, 41
552, 36
537, 45
587, 28
589, 38
599, 38
592, 36
572, 48
590, 50
462, 32
581, 40
603, 39
596, 47
596, 39
581, 42
515, 41
576, 35
582, 41
448, 48
598, 29
605, 34
597, 36
559, 38
618, 38
527, 34
614, 36
605, 36
591, 37
584, 39
588, 28
570, 37
615, 41
618, 42
619, 38
567, 43
611, 37
543, 39
591, 29
623, 39
613, 36
601, 40
566, 37
600, 38
531, 33
519, 48
587, 51
612, 38
553, 44
545, 44
624, 36
599, 32
609, 33
574, 35
585, 28
597, 36
605, 34
567, 34
610, 38
575, 36
596, 32
562, 35
599, 41
574, 27
589, 41
595, 33
592, 36
590, 43
600, 32
602, 35
565, 40
580, 36
545, 29
577, 34
517, 28
576, 38
623, 30
572, 30
610, 33
618, 46
619, 48
645, 46
623, 47
619, 49
600, 51
636, 42
613, 42
632, 48
628, 44
640, 49
548, 47
537, 45
579, 46
553, 42
486, 43
523, 46
566, 47
566, 54
479, 51
572, 39
585, 45
586, 43
585, 37
566, 42
592, 47
577, 30
595, 45
595, 47
593, 41
560, 44
572, 43
633, 44
588, 46
632, 42
594, 38
587, 37
560, 42
494, 45
564, 42
521, 47
632, 59
602, 66
579, 55
560, 61
692, 59
591, 62
598, 45
613, 44
590, 46
601, 47
587, 46
554, 31
622, 45
580, 32
568, 42
551, 47
581, 48
596, 41
594, 41
543, 47
491, 40
530, 33
548, 40
600, 35
582, 40
551, 34
515, 39
514, 34
575, 34
550, 41
574, 31
564, 41
565, 37
567, 32
554, 51
574, 49
622, 33
613, 50
621, 44
550, 40
584, 48
554, 46
550, 40
547, 52
570, 50
601, 58
364, 58
590, 35
622, 48
584, 38
563, 43
600, 43
570, 42
606, 49
583, 32
544, 45
619, 47
533, 49
639, 56
587, 47
660, 43
599, 45
552, 60
533, 48
568, 52
598, 32
583, 60
561, 50
539, 50
609, 40
591, 39
582, 43
571, 46
568, 50
596, 49
589, 46
520, 49
508, 52
494, 58
571, 58
555, 53
609, 49
544, 58
629, 63
603, 61
519, 51
556, 35
603, 41
606, 36
544, 34
579, 28
562, 37
566, 34
603, 33
548, 32
568, 58
534, 52
601, 53
570, 54
640, 61
608, 48
574, 38
614, 38
602, 39
630, 44
655, 45
599, 43
586, 55
512, 49
569, 49
564, 38
545, 47
565, 41
537, 45
552, 50
455, 63
569, 62
569, 61
652, 48
599, 51
701, 49
664, 55
697, 63
629, 59
704, 51
596, 47
625, 52
628, 47
715, 49
726, 42
674, 44
692, 55
675, 40
695, 45
646, 51
611, 45
638, 50
467, 43
566, 43
569, 41
620, 40
520, 40
582, 51
501, 28
546, 45
522, 45
572, 42
574, 41
557, 43
564, 45
529, 42
520, 39
547, 41
547, 43
571, 42
547, 45
501, 44
529, 61
578, 53
598, 39
628, 51
597, 41
662, 47
606, 40
362, 34
574, 29
545, 38
590, 41
543, 41
538, 30
554, 46
507, 44
518, 32
550, 47
557, 44
541, 43
549, 37
551, 31
546, 34
606, 34
585, 33
565, 33
522, 30
540, 31
554, 32
576, 55
575, 52
580, 44
611, 48
587, 41
620, 35
645, 59
579, 55
590, 47
601, 46
585, 44
595, 37
592, 39
598, 43
590, 43
554, 45
570, 44
636, 42
530, 41
536, 37
553, 30
535, 31
550, 43
527, 30
599, 30
580, 32
560, 27
613, 39
588, 42
590, 44
614, 49
600, 46
563, 42
633, 39
610, 47
583, 48
580, 37
514, 40
580, 63
604, 59
561, 62
602, 66
593, 69
604, 67
589, 52
598, 67
346, 51
622, 40
680, 37
561, 35
647, 37
567, 37
608, 37
606, 37
597, 34
553, 31
567, 33
572, 32
617, 38
602, 40
601, 35
570, 30
560, 37
529, 34
573, 39
584, 37
543, 38
599, 39
623, 43
594, 42
598, 49
599, 41
608, 49
611, 53
571, 46
600, 45
540, 50
578, 49
582, 27
606, 42
594, 34
511, 32
588, 40
620, 33
542, 42
626, 35
603, 40
606, 41
382, 30
553, 54
615, 53
590, 58
581, 52
604, 65
632, 55
576, 64
596, 55
602, 111
407, 48
554, 89
605, 64
657, 79
617, 107
638, 78
558, 76
655, 83
656, 79
600, 70
684, 89
602, 51
577, 46
578, 50
543, 50
588, 51
597, 44
582, 44
611, 51
572, 44
626, 50
598, 63
608, 51
582, 40
525, 51
606, 45
632, 51
582, 45
585, 48
587, 41
594, 55
580, 40
579, 56
557, 46
550, 40
569, 34
580, 34
525, 39
527, 32
580, 39
607, 35
581, 37
549, 34
572, 35
532, 36
577, 37
623, 46
626, 41
604, 43
608, 41
649, 46
631, 37
677, 41
669, 39
647, 39
674, 34
554, 38
603, 39
621, 40
651, 36
591, 46
624, 41
639, 45
642, 45
658, 47
652, 43
525, 44
597, 44
608, 57
534, 46
544, 41
595, 45
598, 42
603, 47
547, 30
560, 29
590, 31
559, 28
584, 26
491, 30
582, 31
365, 28
545, 28
588, 35
580, 33
546, 22
605, 25
582, 24
586, 28
620, 26
642, 33
603, 41
664, 47
624, 38
675, 38
637, 40
624, 46
497, 44
571, 58
517, 58
597, 54
588, 68
600, 65
613, 57
545, 57
523, 51
600, 67
618, 64
618, 68
570, 32
602, 28
593, 29
635, 31
587, 27
625, 39
628, 31
596, 34
576, 34
655, 33
588, 49
545, 34
690, 51
599, 55
613, 58
575, 67
622, 56
550, 34
528, 45
585, 53
549, 50
581, 47
613, 58
574, 53
573, 42
608, 52
624, 57
610, 46
547, 50
562, 58
587, 42
615, 51
586, 57
605, 57
589, 57
605, 65
615, 56
620, 51
495, 51
551, 72
590, 68
597, 57
566, 74
555, 60
563, 76
616, 81
564, 42
581, 69
581, 42
602, 69
604, 27
600, 30
575, 26
598, 34
599, 27
563, 26
545, 28
374, 29
567, 41
578, 45
589, 41
601, 41
602, 50
470, 50
573, 41
536, 48
554, 26
521, 38
589, 44
591, 41
545, 35
593, 36
565, 48
526, 45
585, 33
607, 34
604, 43
623, 41
615, 42
590, 35
567, 36
590, 37
580, 36
606, 30
590, 37
536, 38
583, 45
534, 33
593, 44
597, 39
604, 46
558, 49
588, 44
565, 56
575, 46
585, 44
555, 42
569, 59
553, 35
568, 42
577, 35
461, 30
581, 53
587, 50
599, 46
591, 52
600, 49
598, 44
603, 53
596, 41
581, 46
602, 49
587, 53
560, 50
586, 48
550, 34
547, 50
581, 48
643, 52
617, 47
631, 47
576, 55
585, 31
564, 36
558, 32
595, 34
593, 41
531, 35
593, 32
610, 52
572, 47
562, 45
635, 72
544, 69
598, 66
655, 44
641, 71
628, 59
661, 54
646, 52
610, 32
578, 33
618, 33
615, 31
580, 28
612, 37
554, 33
614, 36
355, 35
556, 61
600, 54
543, 40
627, 49
622, 42
575, 47
631, 42
570, 53
601, 50
591, 53
617, 56
594, 51
562, 55
604, 50
608, 54
578, 55
508, 53
402, 47
624, 44
598, 46
663, 44
609, 36
632, 44
587, 37
630, 46
617, 51
619, 40
512, 37
562, 38
601, 31
632, 28
639, 37
645, 33
638, 45
583, 37
656, 28
630, 24
578, 18
605, 26
629, 28
466, 28
551, 47
565, 27
571, 48
610, 46
563, 28
628, 41
568, 37
583, 43
575, 45
578, 45
608, 42
543, 30
580, 44
584, 45
591, 34
624, 43
589, 38
615, 43
598, 39
391, 44
581, 39
590, 34
632, 43
620, 36
535, 32
616, 49
606, 48
568, 40
568, 39
543, 25
595, 41
603, 56
546, 44
561, 50
563, 53
620, 58
607, 70
607, 52
584, 75
596, 34
334, 58
550, 47
573, 46
603, 44
571, 31
574, 33
615, 29
590, 34
591, 41
606, 44
570, 28
623, 44
574, 41
604, 36
637, 43
614, 39
626, 42
623, 42
597, 45
595, 39
564, 35
592, 57
571, 55
551, 52
557, 40
540, 54
547, 58
491, 61
561, 63
591, 40
577, 56
588, 56
546, 49
524, 52
513, 40
620, 50
595, 71
577, 65
530, 37
600, 40
566, 44
581, 40
552, 38
581, 48
566, 28
594, 38
585, 26
581, 48
617, 36
572, 49
548, 40
528, 50
598, 39
580, 49
588, 41
535, 36
536, 32
581, 39
546, 34
607, 33
605, 59
578, 55
559, 40
595, 51
572, 56
571, 61
580, 72
362, 50
547, 48
592, 40
606, 62
562, 58
559, 61
570, 57
600, 47
579, 64
499, 34
587, 53
590, 48
566, 44
565, 63
581, 44
510, 43
607, 58
615, 55
629, 51
584, 50
462, 46
513, 39
562, 44
539, 45
513, 38
545, 43
456, 39
594, 49
571, 49
579, 58
602, 56
546, 67
553, 38
574, 61
555, 59
511, 59
552, 47
561, 89
532, 58
596, 48
568, 34
605, 46
524, 55
566, 57
585, 35
613, 46
602, 41
574, 43
565, 50
613, 34
580, 30
566, 40
621, 47
577, 26
483, 39
564, 47
625, 41
526, 35
527, 44
579, 65
583, 61
597, 42
613, 60
596, 54
518, 49
532, 48
508, 53
571, 41
596, 44
617, 33
613, 40
588, 41
548, 46
578, 43
581, 32
584, 31
564, 36
585, 42
590, 39
577, 37
588, 31
564, 37
597, 32
575, 42
602, 31
572, 34
600, 34
600, 44
582, 39
612, 26
621, 31
564, 34
616, 35
454, 33
581, 46
545, 53
610, 61
629, 64
571, 55
610, 63
590, 45
617, 46
563, 54
620, 40
601, 47
567, 32
570, 35
633, 34
443, 33
591, 38
570, 35
570, 35
559, 39
609, 37
526, 33
552, 44
568, 38
578, 36
535, 33
613, 37
593, 41
506, 37
556, 30
563, 35
559, 42
569, 45
585, 44
562, 39
560, 47
579, 35
612, 33
607, 44
650, 51
638, 47
695, 54
679, 54
697, 51
606, 51
683, 52
661, 55
333, 64
566, 30
573, 26
580, 32
513, 30
606, 32
629, 55
619, 51
539, 58
599, 53
544, 57
641, 51
576, 49
617, 48
594, 35
466, 34
596, 44
595, 44
622, 41
584, 41
621, 47
612, 39
631, 39
590, 36
627, 39
458, 38
605, 34
604, 29
592, 32
594, 30
533, 32
592, 41
566, 40
606, 34
592, 41
531, 38
560, 52
564, 47
518, 48
621, 48
619, 44
613, 38
635, 43
630, 38
569, 42
613, 38
607, 42
613, 45
629, 43
601, 34
516, 27
612, 29
592, 31
591, 35
584, 30
548, 42
561, 45
597, 40
552, 34
579, 45
599, 35
605, 38
637, 39
361, 38
599, 36
614, 34
617, 31
614, 37
578, 40
578, 32
639, 33
648, 35
638, 33
627, 31
393, 25
575, 26
578, 31
559, 32
549, 37
543, 31
615, 30
592, 32
563, 33
570, 26
559, 31
552, 29
591, 36
553, 49
603, 43
554, 54
606, 50
592, 46
643, 52
657, 55
624, 55
390, 36
502, 52
603, 46
599, 52
612, 52
585, 67
592, 57
591, 55
536, 54
579, 54
569, 53
547, 43
569, 45
519, 46
590, 43
579, 47
556, 38
632, 53
596, 46
622, 32
610, 35
581, 33
572, 32
597, 26
560, 38
572, 40
543, 39
555, 52
532, 44
568, 46
579, 40
574, 37
546, 31
539, 44
600, 43
679, 44
588, 53
700, 50
670, 40
606, 43
562, 30
606, 38
618, 36
635, 39
612, 34
587, 37
619, 35
535, 35
551, 41
410, 42
579, 48
516, 47
584, 44
464, 41
608, 31
626, 30
604, 25
614, 30
582, 24
540, 31
499, 32
542, 35
555, 35
581, 40
549, 39
555, 44
546, 31
484, 40
559, 38
578, 33
563, 33
593, 34
569, 31
505, 35
591, 35
592, 42
591, 51
599, 42
570, 44
610, 40
591, 40
553, 56
596, 60
642, 58
602, 53
395, 45
591, 33
552, 29
598, 30
579, 31
556, 33
538, 30
581, 41
568, 37
551, 46
518, 52
554, 36
580, 39
545, 35
574, 34
502, 42
510, 36
548, 40
576, 36
576, 52
525, 50
566, 44
556, 52
595, 45
601, 48
601, 51
578, 36
597, 25
604, 31
594, 27
628, 28
367, 28
550, 50
572, 40
539, 54
506, 50
562, 52
500, 49
518, 52
593, 59
611, 68
597, 44
588, 46
594, 60
567, 47
461, 54
598, 53
506, 49
576, 53
568, 57
583, 44
573, 51
514, 42
583, 50
570, 114
523, 65
644, 45
685, 45
686, 49
655, 43
611, 36
661, 40
672, 42
672, 42
668, 58
607, 46
447, 38
600, 35
571, 36
611, 48
659, 35
610, 37
564, 51
594, 49
600, 45
447, 53
625, 36
639, 59
633, 37
646, 36
580, 37
601, 37
591, 41
625, 37
608, 44
405, 37
469, 38
495, 40
583, 39
583, 37
524, 44
563, 40
532, 38
553, 48
581, 46
536, 42
584, 37
383, 40
558, 38
550, 47
568, 45
542, 42
541, 37
597, 41
582, 37
571, 35
652, 46
679, 74
647, 53
608, 52
667, 55
583, 47
593, 51
609, 64
568, 68
623, 41
624, 43
646, 39
676, 39
635, 36
596, 39
379, 37
600, 33
613, 44
631, 48
662, 42
616, 51
660, 47
611, 54
653, 48
665, 48
570, 52
532, 28
568, 30
571, 29
580, 30
565, 28
604, 28
563, 43
589, 37
568, 41
586, 34
584, 45
588, 37
593, 38
559, 44
548, 42
565, 37
574, 59
580, 69
610, 67
584, 68
540, 63
589, 43
562, 65
394, 66
547, 28
574, 29
579, 26
585, 34
568, 33
599, 67
586, 53
538, 57
531, 57
578, 60
547, 34
556, 45
571, 60
627, 38
589, 39
585, 35
602, 39
588, 55
540, 57
553, 63
563, 50
541, 27
532, 38
533, 37
524, 37
527, 39
513, 43
524, 42
595, 43
568, 40
621, 46
604, 47
594, 47
600, 42
581, 57
574, 43
470, 22
554, 20
589, 27
566, 26
601, 22
560, 21
589, 25
531, 26
565, 26
561, 27
499, 25
599, 47
548, 43
575, 50
523, 53
555, 38
577, 36
590, 40
567, 45
557, 47
595, 39
623, 36
613, 44
640, 38
668, 27
638, 39
630, 40
581, 35
646, 47
662, 37
453, 59
547, 55
577, 60
578, 56
594, 57
588, 67
581, 48
582, 50
495, 49
540, 29
463, 28
566, 29
574, 30
481, 24
444, 25
550, 26
617, 47
603, 38
641, 49
590, 46
575, 46
517, 30
563, 22
558, 23
561, 23
540, 25
577, 26
603, 24
611, 25
562, 24
623, 27
614, 23
655, 36
565, 44
578, 40
654, 40
622, 39
553, 49
626, 35
590, 40
642, 42
645, 43
640, 39
690, 32
660, 37
635, 30
656, 38
611, 41
648, 37
599, 52
596, 43
598, 48
562, 44
617, 45
600, 54
595, 46
560, 49
456, 40
597, 39
602, 47
577, 39
608, 45
576, 44
530, 43
586, 45
587, 45
610, 48
609, 42
535, 33
568, 51
559, 36
526, 61
577, 39
566, 50
546, 62
527, 35
584, 42
579, 36
590, 36
576, 41
516, 38
541, 40
541, 39
575, 43
584, 37
573, 46
564, 44
629, 43
590, 38
609, 43
576, 39
576, 45
525, 46
577, 49
471, 50
524, 62
612, 49
634, 52
608, 60
575, 49
568, 59
590, 55
537, 57
506, 27
560, 29
529, 26
540, 26
547, 28
576, 30
507, 28
570, 46
550, 52
559, 36
557, 63
537, 53
581, 50
598, 51
431, 52
545, 35
539, 30
575, 30
568, 24
501, 32
554, 33
571, 29
630, 45
603, 44
596, 54
566, 51
584, 47
601, 49
575, 43
387, 43
583, 48
565, 42
569, 44
577, 47
597, 39
548, 35
471, 52
589, 44
567, 47
600, 44
546, 45
520, 39
552, 41
561, 48
493, 34
573, 47
385, 46
584, 30
598, 38
557, 35
575, 38
552, 35
517, 42
586, 37
622, 47
584, 48
618, 41
621, 50
564, 45
613, 47
565, 49
563, 43
591, 40
579, 39
543, 36
567, 37
579, 23
565, 65
559, 75
611, 83
513, 65
645, 71
619, 110
582, 65
641, 79
632, 48
609, 65
576, 37
608, 41
611, 42
572, 45
600, 43
543, 45
442, 39
563, 69
595, 63
606, 57
558, 50
570, 38
552, 58
562, 43
427, 56
606, 53
638, 54
613, 48
609, 50
623, 69
494, 57
563, 42
585, 42
566, 42
593, 48
568, 34
526, 25
582, 34
563, 39
596, 50
616, 45
685, 38
617, 29
645, 48
618, 51
557, 31
573, 34
596, 33
594, 33
607, 39
585, 43
614, 42
630, 48
609, 40
543, 36
633, 45
582, 57
625, 56
639, 47
564, 58
615, 59
604, 41
631, 46
550, 27
567, 27
543, 27
568, 23
574, 30
545, 28
622, 31
607, 28
592, 67
574, 102
521, 72
596, 64
636, 67
574, 66
565, 76
618, 66
620, 68
636, 82
604, 52
621, 48
624, 45
622, 55
671, 51
627, 53
556, 42
625, 48
597, 58
593, 30
621, 30
626, 43
615, 31
714, 40
589, 34
532, 34
716, 34
624, 38
669, 31
604, 45
599, 57
640, 60
622, 56
613, 58
575, 51
562, 59
572, 29
567, 28
494, 29
575, 30
569, 30
596, 25
568, 28
374, 28
599, 44
584, 45
605, 46
619, 52
594, 43
594, 51
572, 43
559, 68
603, 66
597, 70
625, 39
615, 55
552, 62
606, 62
615, 54
556, 49
597, 36
567, 32
591, 38
572, 34
483, 33
573, 39
593, 38
593, 35
595, 34
516, 35
589, 43
653, 40
657, 35
588, 36
657, 35
630, 36
614, 34
593, 30
609, 36
601, 32
643, 35
365, 36
608, 54
657, 46
650, 64
622, 61
640, 56
623, 44
616, 52
608, 50
602, 60
612, 53
582, 40
564, 45
552, 43
594, 38
601, 49
577, 42
461, 47
637, 66
580, 59
609, 64
687, 82
635, 107
642, 78
635, 94
698, 82
646, 68
698, 86
581, 30
582, 33
568, 28
575, 36
558, 35
613, 35
573, 34
511, 25
561, 46
513, 41
567, 42
601, 28
591, 38
535, 34
572, 42
584, 56
559, 46
549, 59
533, 58
569, 59
574, 58
527, 51
601, 43
575, 61
580, 60
577, 27
559, 29
571, 33
547, 35
576, 31
567, 35
572, 41
492, 37
533, 31
592, 38
536, 50
507, 35
558, 35
581, 40
610, 36
590, 45
540, 41
549, 26
545, 42
532, 43
531, 35
578, 49
550, 64
433, 39
594, 28
557, 38
532, 39
605, 36
549, 46
595, 37
587, 38
524, 33
547, 47
584, 30
518, 48
584, 50
590, 27
516, 32
577, 39
602, 32
590, 31
601, 34
559, 36
521, 36
577, 39
597, 32
631, 31
511, 31
559, 47
559, 43
537, 43
565, 35
584, 38
547, 37
534, 38
564, 45
589, 34
527, 20
553, 32
599, 38
601, 34
588, 35
584, 33
373, 28
553, 36
490, 36
563, 38
544, 40
557, 46
571, 33
568, 39
519, 53
514, 51
565, 48
582, 53
602, 48
602, 48
487, 47
585, 32
592, 33
573, 31
583, 33
516, 31
569, 36
559, 29
572, 35
479, 33
558, 40
556, 35
585, 39
600, 36
597, 29
579, 33
568, 29
540, 34
434, 35
527, 52
575, 47
575, 47
575, 42
554, 51
570, 43
551, 49
572, 54
579, 46
376, 43
570, 38
590, 51
571, 53
622, 44
586, 42
543, 43
564, 46
348, 43
628, 50
660, 73
693, 88
598, 46
626, 60
624, 77
591, 66
660, 67
531, 66
487, 66
599, 61
532, 61
603, 70
636, 51
577, 61
402, 59
589, 43
605, 41
594, 37
553, 33
571, 35
625, 56
625, 38
602, 50
660, 36
686, 36
665, 50
623, 52
612, 45
677, 50
515, 49
571, 46
619, 53
585, 57
604, 56
568, 46
597, 57
484, 65
556, 32
559, 27
573, 27
539, 34
591, 32
590, 30
582, 19
563, 22
566, 34
569, 31
562, 33
576, 29
577, 37
390, 33
600, 34
592, 38
613, 36
578, 47
596, 43
505, 57
610, 47
661, 41
668, 47
678, 43
606, 49
618, 40
574, 39
612, 32
617, 28
538, 30
576, 35
615, 28
563, 25
589, 36
593, 39
543, 32
575, 34
566, 33
580, 30
595, 42
524, 51
588, 47
618, 52
622, 52
595, 56
584, 54
651, 56
522, 43
605, 58
627, 51
608, 53
648, 50
628, 48
536, 49
582, 44
597, 34
594, 34
590, 29
578, 42
547, 44
608, 38
621, 37
608, 35
597, 41
606, 39
628, 39
604, 35
607, 41
515, 27
618, 55
616, 38
663, 37
643, 42
649, 40
658, 40
645, 44
362, 44
580, 40
594, 42
622, 43
595, 38
607, 39
595, 32
611, 42
599, 43
596, 50
642, 41
698, 50
696, 45
655, 55
673, 54
674, 51
649, 50
598, 38
607, 39
606, 57
616, 50
445, 45
596, 64
554, 49
619, 49
447, 51
556, 48
564, 52
595, 53
576, 50
600, 47
570, 49
431, 43
585, 46
596, 38
632, 41
639, 35
618, 38
639, 40
627, 39
611, 39
640, 40
613, 44
608, 45
620, 42
589, 44
577, 59
584, 68
574, 60
592, 56
576, 55
593, 58
589, 56
443, 61
598, 49
594, 43
583, 36
603, 36
599, 33
608, 34
592, 30
570, 37
530, 35
577, 35
584, 45
607, 45
520, 35
568, 38
489, 35
540, 43
552, 61
519, 48
542, 56
568, 48
563, 50
532, 50
547, 42
577, 40
603, 25
598, 38
640, 38
582, 50
584, 41
561, 38
583, 37
584, 41
587, 38
607, 38
606, 42
589, 38
600, 41
591, 37
583, 44
560, 40
543, 52
601, 58
584, 48
594, 37
595, 57
615, 41
604, 52
594, 37
627, 39
615, 44
628, 42
670, 39
644, 38
657, 35
544, 40
578, 43
590, 46
519, 43
538, 43
511, 45
398, 29
593, 48
570, 47
546, 35
565, 46
613, 28
633, 36
686, 34
697, 34
669, 28
723, 30
700, 34
708, 38
575, 54
572, 55
587, 58
583, 55
581, 62
589, 59
603, 37
578, 39
576, 42
570, 50
594, 40
594, 48
584, 46
354, 42
598, 42
625, 44
610, 40
601, 36
392, 39
601, 47
401, 45
599, 26
625, 39
584, 32
595, 34
640, 40
661, 31
481, 32
582, 54
579, 47
578, 56
564, 50
555, 50
554, 55
579, 45
540, 37
558, 36
567, 25
537, 41
567, 41
568, 46
543, 49
574, 40
615, 43
672, 39
623, 49
590, 36
574, 43
594, 56
529, 39
610, 42
552, 59
622, 55
590, 49
346, 56
591, 48
572, 51
587, 49
604, 51
599, 51
591, 52
606, 57
591, 40
590, 42
579, 42
527, 48
596, 44
585, 34
598, 45
590, 41
586, 42
560, 54
606, 55
638, 53
590, 51
617, 59
572, 36
618, 49
599, 54
601, 66
581, 49
606, 63
574, 64
609, 58
571, 55
583, 41
579, 45
588, 56
554, 48
596, 40
592, 50
551, 50
614, 42
608, 43
588, 56
596, 45
651, 38
658, 61
632, 45
556, 40
586, 46
563, 37
573, 58
592, 49
617, 47
577, 53
601, 49
620, 43
620, 47
571, 62
582, 48
618, 45
551, 43
531, 33
607, 45
601, 41
589, 36
557, 45
598, 41
583, 44
601, 41
593, 34
584, 35
570, 33
561, 33
568, 32
525, 41
546, 41
610, 39
554, 40
583, 39
543, 40
558, 41
514, 36
490, 40
526, 38
559, 36
624, 35
438, 29
585, 32
584, 33
602, 31
588, 20
584, 32
517, 34
586, 42
570, 45
598, 41
573, 43
595, 51
560, 31
514, 45
559, 48
631, 41
596, 47
597, 44
589, 45
599, 40
599, 37
570, 35
585, 40
599, 44
558, 29
574, 40
571, 35
568, 43
574, 38
578, 31
570, 36
521, 29
583, 44
571, 54
587, 46
585, 51
611, 47
575, 34
666, 57
549, 52
382, 48
539, 34
576, 34
585, 36
593, 32
581, 33
589, 43
587, 41
590, 41
555, 38
571, 40
583, 41
533, 37
592, 34
558, 33
539, 35
568, 31
542, 33
604, 43
607, 46
605, 49
646, 50
599, 45
579, 54
616, 35
596, 47
585, 48
566, 40
551, 38
529, 44
560, 43
552, 36
556, 33
590, 41
581, 40
585, 43
568, 40
586, 43
568, 38
554, 39
583, 41
585, 34
548, 42
566, 43
545, 37
544, 35
568, 32
581, 38
591, 33
584, 37
566, 36
591, 38
375, 31
525, 33
594, 42
559, 39
584, 40
577, 43
595, 42
572, 44
599, 38
572, 40
568, 43
539, 31
571, 42
567, 39
576, 38
597, 33
596, 46
575, 32
605, 44
601, 46
587, 46
556, 48
583, 39
584, 32
580, 29
597, 44
586, 41
590, 39
359, 36
601, 39
610, 32
595, 35
610, 41
566, 34
487, 39
594, 36
517, 32
588, 35
574, 36
568, 38
602, 33
569, 42
565, 36
526, 34
544, 38
601, 36
600, 34
571, 38
581, 41
565, 43
544, 33
568, 46
356, 36
541, 29
584, 38
598, 40
541, 37
595, 48
566, 36
545, 42
551, 48
593, 48
601, 53
569, 52
637, 67
592, 54
615, 54
597, 54
612, 53
593, 46
593, 56
651, 45
564, 32
578, 27
525, 36
524, 39
554, 39
534, 38
413, 39
590, 41
560, 37
581, 36
596, 41
587, 34
610, 32
496, 35
613, 36
563, 38
574, 37
591, 36
602, 36
553, 22
499, 39
572, 45
610, 53
631, 58
578, 55
573, 52
618, 55
631, 52
600, 36
572, 51
616, 46
565, 43
588, 45
549, 49
603, 42
560, 43
609, 44
573, 30
586, 29
555, 33
592, 35
556, 30
392, 33
563, 36
576, 38
590, 40
577, 33
536, 36
584, 35
596, 36
458, 39
620, 47
569, 38
512, 51
645, 69
615, 42
606, 42
602, 52
611, 52
614, 52
560, 56
519, 47
585, 40
595, 42
593, 44
584, 36
575, 41
594, 45
625, 34
584, 45
632, 43
585, 47
635, 47
608, 50
572, 44
627, 45
596, 41
569, 35
602, 37
613, 47
534, 38
553, 31
615, 41
464, 43
581, 47
560, 38
558, 42
535, 35
570, 42
545, 32
584, 33
562, 36
524, 27
594, 32
597, 37
583, 34
559, 30
511, 29
367, 37
567, 33
607, 33
387, 40
596, 35
576, 39
574, 37
576, 32
521, 32
508, 35
481, 36
588, 37
521, 40
549, 40
529, 39
582, 36
556, 40
516, 40
554, 33
538, 41
592, 40
553, 35
560, 41
616, 39
526, 33
580, 40
631, 30
616, 44
608, 45
590, 48
584, 46
602, 35
580, 43
581, 40
597, 35
576, 24
571, 46
562, 39
585, 45
605, 38
562, 37
585, 42
565, 39
588, 40
562, 46
598, 34
600, 39
604, 32
581, 34
575, 34
580, 27
554, 31
600, 47
587, 49
579, 36
611, 82
624, 46
634, 52
615, 55
576, 35
561, 33
587, 32
562, 36
587, 39
589, 34
381, 37
578, 32
515, 41
585, 35
563, 25
577, 36
600, 41
586, 46
619, 41
556, 46
502, 42
561, 46
539, 46
586, 42
613, 47
609, 48
592, 33
585, 31
578, 35
558, 32
531, 35
564, 43
563, 49
604, 42
519, 49
613, 46
496, 47
630, 38
605, 45
571, 39
575, 48
531, 44
580, 40
548, 42
560, 38
560, 47
576, 45
540, 38
523, 42
583, 22
577, 34
562, 28
532, 32
532, 33
578, 27
599, 31
569, 39
519, 29
490, 31
588, 40
561, 23
539, 37
602, 39
563, 30
515, 36
573, 32
540, 35
601, 36
547, 33
545, 39
612, 36
581, 36
585, 34
413, 32
571, 45
579, 43
621, 41
586, 44
609, 47
573, 44
611, 45
539, 31
632, 44
619, 52
564, 57
542, 44
578, 42
575, 42
590, 44
587, 38
603, 42
603, 57
509, 42
567, 40
643, 42
573, 45
574, 40
524, 46
593, 43
586, 37
624, 51
582, 37
584, 39
543, 36
586, 45
607, 35
548, 38
604, 38
536, 35
620, 41
583, 35
596, 31
593, 49
591, 44
594, 38
578, 42
606, 47
579, 43
552, 43
553, 30
582, 22
589, 29
592, 27
518, 32
546, 44
576, 45
561, 47
561, 47
567, 49
582, 41
575, 46
577, 38
555, 41
582, 36
560, 32
507, 43
552, 37
529, 35
568, 39
625, 27
618, 51
675, 59
670, 56
626, 57
647, 45
610, 46
624, 67
578, 54
618, 54
590, 43
625, 48
612, 46
597, 53
624, 55
635, 49
552, 31
551, 67
576, 32
569, 38
544, 34
558, 34
592, 34
576, 36
599, 27
608, 31
552, 35
578, 41
557, 37
581, 42
578, 37
574, 41
563, 33
536, 40
541, 37
577, 36
590, 43
529, 36
603, 44
574, 38
591, 31
576, 33
602, 41
544, 41
594, 39
561, 39
622, 49
591, 37
574, 34
581, 37
529, 34
585, 34
563, 40
554, 38
553, 44
501, 38
572, 30
544, 36
489, 37
339, 35
599, 35
559, 29
603, 38
597, 33
590, 40
603, 37
576, 35
571, 31
569, 32
623, 36
570, 37
591, 53
621, 40
619, 43
590, 37
557, 40
607, 46
546, 46
559, 34
570, 44
559, 30
590, 37
601, 40
558, 30
554, 40
395, 39
539, 41
564, 33
568, 34
543, 36
532, 33
554, 29
573, 32
609, 36
564, 47
578, 49
575, 44
585, 37
566, 47
630, 45
599, 42
651, 47
620, 41
595, 42
623, 44
575, 54
631, 39
575, 53
343, 54
582, 32
563, 35
577, 36
562, 40
550, 37
564, 39
605, 41
558, 33
605, 32
564, 31
419, 32
581, 35
554, 36
559, 26
540, 32
578, 39
567, 39
582, 30
572, 36
537, 44
543, 34
542, 32
579, 40
568, 39
587, 41
576, 35
581, 32
581, 29
590, 30
590, 34
590, 36
584, 33
582, 32
576, 46
593, 48
593, 45
592, 50
596, 48
374, 39
592, 25
525, 38
577, 26
558, 42
538, 37
520, 32
504, 34
595, 42
592, 31
590, 44
613, 40
593, 35
592, 36
619, 38
585, 36
590, 39
580, 42
572, 37
551, 38
591, 39
551, 38
546, 40
578, 38
527, 35
606, 35
549, 32
594, 34
564, 35
538, 36
552, 31
583, 34
557, 32
582, 35
580, 41
577, 37
551, 35
533, 31
558, 37
554, 36
602, 38
541, 54
628, 58
552, 42
582, 43
537, 55
570, 44
532, 60
554, 48
387, 42
544, 38
594, 35
582, 38
579, 33
548, 37
576, 31
575, 25
342, 36
587, 39
542, 33
575, 25
554, 35
605, 39
563, 36
562, 39
536, 39
592, 33
582, 34
549, 32
585, 28
539, 38
597, 39
572, 35
543, 37
571, 38
554, 39
484, 41
576, 31
595, 35
596, 35
560, 34
549, 35
604, 32
576, 33
528, 50
494, 44
588, 53
581, 52
598, 42
591, 41
587, 39
539, 39
482, 38
567, 29
551, 37
582, 33
602, 38
617, 38
528, 38
621, 37
586, 51
410, 51
567, 33
564, 40
587, 37
584, 39
613, 43
607, 36
589, 38
465, 39
567, 38
599, 33
560, 37
590, 32
564, 44
544, 40
464, 34
572, 43
541, 42
535, 33
541, 31
551, 29
549, 30
598, 30
541, 29
575, 30
556, 29
579, 36
574, 39
530, 37
543, 28
597, 31
467, 38
582, 34
540, 39
548, 36
581, 38
571, 35
540, 34
472, 43
572, 30
586, 29
588, 33
570, 35
425, 34
602, 35
575, 43
574, 46
570, 38
541, 37
566, 37
564, 35
589, 44
608, 45
503, 43
616, 63
584, 45
510, 41
571, 49
542, 50
539, 48
554, 48
627, 36
564, 43
588, 50
544, 31
587, 30
573, 29
599, 38
586, 29
403, 35
617, 38
605, 41
608, 35
594, 34
608, 44
422, 36
551, 35
583, 31
593, 34
591, 26
602, 34
606, 29
608, 33
584, 39
568, 35
399, 37
595, 36
568, 38
557, 37
566, 33
545, 37
532, 35
588, 38
552, 35
625, 40
625, 36
578, 38
601, 37
588, 33
587, 43
550, 39
352, 39
601, 31
529, 33
590, 31
569, 37
589, 33
513, 34
553, 34
561, 34
523, 32
570, 45
573, 37
613, 52
604, 59
610, 55
627, 60
645, 56
631, 57
561, 53
583, 56