3748
3749
3750
3751
3752
3753
3754
3897
3898
3899
3900
3901
3902
3903
3904
3905
4006
4007
4008
4009
4010
4011
4012
4013
4014
4032
4033
4034
4035
4036
4037
4038
4039
4040
4041
4042
4043
4044
4045
4046
4047
4048
4049
4050
4051
4099
4100
4101
4102
4103
4104
4105
4106
4107
4117
4118
4119
4120
4121
4122
4123
4124
4125
4126
4127
4128
4129
4130
4232
4233
4234
4235
4236
4237
4238
4239
4240
4241
4242
4243
4244
4245
4246
4247
4248
4249
4250
4251
4252
4253
4254
4255
4256
4257
4258
4300
4301
4302
4303
4304
4305
4306
4307
4308
4309
4310
4311
4312
4313
4314
4379
4380
4381
4382
4383
4384
4385
4386
4387
4388
4416
4417
4418
4419
4420
4421
4448
4449
4450
4451
4452
4453
4480
4481
4482
4483
4484
4485
4486
4544
4545
4546
4547
4548
4549
4561
4562
4563
4564
4565
4566
4567
4568
4569
4570
4571
4688
4689
4690
4691
4692
4693
4694
4695
4696
4697
4698
4699
4700
4701
4702
4703
5178
5179
5180
5181
5182
5183
5184
5185
5186
5187
5188
5249
5250
5251
5252
5253
5254
5255
5256
5257
5258
5259
5260
5261
5262
5263
5264
5265
5266
5267
5268
5269
5801
5802
5803
5804
5805
5806
5807
5808
5809
5810
5811
5812
5813
5905
5906
5907
5908
5909
5910
5911
5912
5913
5914
5915
5916
5917
5918
5919
5920
5921
5922
5923
5924
5925
5926
5927
5928
5929
5930
5931
5932
5933
5934
5935
5936
6069
6070
6071
6072
6073
6074
6075
6076
6077
6078
6079
6080
6092
6093
6094
6095
6096
6097
6098
6099
6100
6101
6102
6103
6104
6105
6106
6107
6108
6109
6110
6111
6112
6120
6121
6122
6123
6124
6125
6126
6127
6128
6137
6138
6139
6140
6141
6142
6143
6144
6155
6156
6157
6158
6159
6160
6161
6162
6163
6455
6456
6457
6458
6459
6460
6461
6462
6463
6464
6465
6526
6527
6528
6529
6530
6531
6532
6533
6534
6581
6582
6583
6584
6585
6586
6587
6588
6658
6659
6660
6661
6662
6663
6664
6665
6666
6667
6668
6669
6670
6671
6672
6673
6698
6699
6700
6701
6702
6703
6704
6705
6706
6707
6708
6709
6710
6711
6712
6713
6714
6715
6716
6717
6718
6719
6720
6721
6722
6723
6724
8408
8409
8410
8411
8412
8413
10827
10828
10829
10830
10831
10832
10833
10834
10870
10871
10872
10873
10874
10875
10876
10877
10878
10925
10926
10927
10928
10929
10930
10931
10943
10944
10945
10946
10947
10948
10949
10990
10991
10992
10993
10994
10995
10996
10997
11008
11009
11010
11011
11012
11013
11014
11015
11016
11017
11018
11019
11028
11029
11030
11031
11032
11033
11034
11035
11036
11037
11038
11049
11050
11051
11052
11053
11054
11055
11056
11057
11058
11059
11060
11061
11062
11063
11064
11065
11066
11067
11068
11069
11116
11117
11118
11119
11120
11121
11122
11123
11124
11125
11126
11127
11128
11129
11130
11131
11132
11133
11160
11161
11162
11163
11164
11165
11166
11167
11168
11169
11170
11171
11172
11173
11174
11175
11176
11177
11178
11179
11180
11181
11182
11183
11184
11185
11186
11187
11188
11189
11190
11191
11192
11193
11194
11195
11196
11197
11198
11199
11200
11201
11202
11203
11325
11326
11327
11328
11329
11330
11331
11332
11333
11334
11335
11336
11337
11338
11339
11340
11341
11342
11343
11344
11345
11346
11347
11348
11349
11350
11351
11352
11353
11354
11355
11356
11357
11358
11359
11360
11361
11362
11363
11364
11365
11366
11367
11368
11369
11370
11371
11372
11373
11374
11375
11376
11377
11378
11379
11380
11381
11382
11383
11384
11385
11386
11387
11388
11389
11390
11391
11392
11393
11394
11395
11396
11417
11418
11419
11420
11421
11422
11423
11424
11425
11426
11427
11583
11584
11585
11586
11587
11588
11589
11590
11607
11608
11609
11610
11611
11612
11613
11614
11685
11686
11687
11688
11689
11690
11691
11692
11693
11694
11695
11696
11697
11698
11699
11797
11798
11799
11800
11801
11802
11803
11804
11805
11806
11807
11808
11809
11810
11811
11812
11813
11814
11815
11816
11817
11818
11819
11820
11890
11891
11892
11893
11894
11895
11896
11897
11898
11899
11900
11901
11902
11903
11904
11905
11906
11907
11908
11909
11910
11911
11912
11913
11914
11915
11916
11917
11918
11919
11920
11921
11922
11923
11924
11925
11926
11927
11928
11929
11930
12055
12056
12057
12058
12059
12060
12061
12062
12063
12064
12065
12066
12067
12068
12069
12070
12071
12072
12073
12074
12075
12076
12077
12078
12079
12080
12081
12203
12204
12205
12206
12207
12208
12209
12210
12211
12212
12213
12214
12215
12216
12217
12218
12219
12220
12221
12222
12223
12224
12225
12226
12227
12228
12229
12230
12231
12232
12233
12234
12235
12236
12237
12238
12239
12240
12241
12242
12243
12244
12245
12246
12247
12248
12249
12250
12251
12252
12253
12254
12255
12256
12257
12258
12259
12260
12261
12262
12263
12264
12265
12266
12267
12268
12269
12270
12271
12272
12273
12274
12275
12276
12277
12278
12279
12280
12338
12339
12340
12341
12342
12343
12344
12345
12434
12435
12436
12437
12438
12439
12440
12441
12442
12443
12444
12445
12446
12447
12448
12449
12450
12451
12452
12453
12454
12491
12492
12493
12494
12495
12496
12497
12498
12499
12500
12501
12502
12503
12504
12505
12506
12507
12508
12509
12510
12511
12571
12572
12573
12574
12575
12576
12577
12578
12579
12580
12581
12582
12583
12584
12585
12586
12587
12603
12604
12605
12606
12607
12608
12609
12610
12611
12612
12613
12614
12615
12616
12617
12618
12619
12620
12621
12622
12623
12624
12625
12626
12627
12628
12629
12630
12631
12632
12633
12634
12635
12636
12637
12638
12639
12640
12641
12642
12643
12644
12645
12646
12647
12648
12649
12650
12651
12652
12653
12654
12655
12656
12657
12658
12659
12660
12661
12662
12663
12664
12665
12666
12667
12668
12669
12670
12671
12672
12673
12674
12675
12676
12677
12678
12706
12707
12708
12709
12710
12711
12712
12713
12714